0.0000000000
0.1543367347
0.5564058957
0.5006377551
0.4666326531
0.4308744331
0.4247188671
0.3716468033
0.3475607836
0.3155484694
0.2918810086
0.2734441433
0.2616946927
0.2441316769
0.2286224490
0.2298309949
0.2163821411
0.2068176808
0.1960363785
0.1953850446
0.1876301541
0.1794279179
0.1817553817
0.1745583324
0.1694010204
0.1654408435
0.1607282831
0.1584443168
0.1544823340
0.1495393991
0.1460704729
0.1424158836
0.1383741169
0.1345103299
0.1323084132
0.1286383043
0.1258790678
0.1225746315
0.1195046559
0.1170208865
0.1144263922
0.1118038202
0.1097125032
0.1072237295
0.1055624843
0.1034356796
0.1012999926
0.0991952771
0.0982344729
0.0962868622
0.0946483986
0.0928735584
0.0914364633
0.0906015763
0.0890997639
0.0876464844
0.0952916832
0.0953687491
0.0937648400
0.0933021542
0.0933895595
0.0921008622
0.0909947501
0.0904911586
0.0893011110
0.0885917383
0.0872793927
0.0861390742
0.0858463108
0.0851908059
0.0840107294
0.0829494377
0.0818162365
0.0815634736
0.0805797052
0.0795888224
0.0790462436
0.0796766192
0.0792346080
0.0795519770
0.0790403210
0.0785298095
0.0775950495
0.0769559179
0.0760987925
0.0752150914
0.0748345662
0.0740543288
0.0734149439
0.0726050721
0.0718844959
0.0711046832
0.0703416079
0.0697006564
0.0689735146
0.0693666281
0.0698506207
0.0692538026
0.0686714080
0.0679878508
0.0673931652
0.0669286097
0.0670521732
0.0666152186
0.0666750544
0.0660493149
0.0662814661
0.0659151392
0.0655938718
0.0651080494
0.0646668456
0.0641938082
0.0639658029
0.0636859026
0.0633556286
0.0629812312
0.0624693911
0.0620674634
0.0620787331
0.0619382219
0.0614297423
0.0610580882
0.0608770104
0.0604087763
0.0602923673
0.0598166563
0.0594660666
0.0592062814
0.0588685785
0.0584157446
0.0581664911
0.0578134663
0.0574382673
0.0574111007
0.0569858417
0.0575033322
0.0570855207
0.0566938299
0.0565579287
0.0561763979
0.0558553944
0.0556108912
0.0557127687
0.0564112934
0.0560241695
0.0576016483
0.0572466735
0.0568960007
0.0565927578
0.0563201389
0.0564195795
0.0560683320
0.0559557156
0.0558412865
0.0554810306
0.0551747264
0.0549251025
0.0545962206
0.0543494439
0.0547185906
0.0545835059
0.0542466072
0.0539297563
0.0536165760
0.0535168944
0.0548859711
0.0548578924
0.0547390193
0.0548699159
0.0546264388
0.0546439721
0.0544960161
0.0554718872
0.0554429436
0.0551488338
0.0549973906
0.0552306626
0.0549235181
0.0550324672
0.0548769664
0.0548184198
0.0554590096
0.0552925808
0.0549978537
0.0547087104
0.0544543975
0.0542947369
0.0543734583
0.0544298743
0.0543936557
0.0541722795
0.0539525523
0.0539557013
0.0538395802
0.0536454434
0.0534524554
0.0534543586
0.0531984206
0.0532028444
0.0529510124
0.0529553787
0.0526946716
0.0529390282
0.0527757902
0.0527349185
0.0527485207
0.0527084223
0.0529929839
0.0527676682
0.0526468717
0.0527247031
0.0524963024
0.0522976614
0.0521910625
0.0520089044
0.0520408423
0.0518045832
0.0515957418
0.0518077587
0.0516532813
0.0515766827
0.0514993650
0.0515621710
0.0513955926
0.0513177375
0.0512117559
0.0510177967
0.0508134665
0.0506224512
0.0504046912
0.0502680720
0.0501249099
0.0502043509
0.0499934496
0.0503014916
0.0500886234
0.0502852112
0.0500914558
0.0500858543
0.0499358702
0.0497436023
0.0495555066
0.0493540193
0.0491765144
0.0490332153
0.0493183368
0.0492660773
0.0491870230
0.0498936674
0.0497098163
0.0496260648
0.0494667940
0.0492973266
0.0491742882
0.0489817496
0.0491699686
0.0490883624
0.0490308822
0.0488502192
0.0490739532
0.0489908469
0.0488130345
0.0491983219
0.0490653021
0.0490156730
0.0488316019
0.0486489082
0.0485160047
0.0484688325
0.0482916912
0.0481285616
0.0481996409
0.0481518408
0.0481289164
0.0479779474
0.0478269568
0.0480877022
0.0480970903
0.0480523288
0.0480320537
0.0483366530
0.0482297444
0.0480733838
0.0479270358
0.0477726114
0.0477281093
0.0476090931
0.0474463069
0.0472889670
0.0471284185
0.0471106269
0.0469828097
0.0469666677
0.0468093770
0.0466724830
0.0465150945
0.0466161174
0.0465202432
0.0463969280
0.0463186614
0.0461962946
0.0460757992
0.0460191269
0.0458680045
0.0457386579
0.0456646064
0.0455161139
0.0456840765
0.0455576668
0.0459274625
0.0467860205
0.0467532163
0.0466367133
0.0465477556
0.0464018336
0.0463302711
0.0463439076
0.0462040088
0.0460616916
0.0462545714
0.0462616711
0.0463808696
0.0463968380
0.0462718343
0.0461310953
0.0460030165
0.0460191220
0.0458841244
0.0459431491
0.0458770333
0.0459352541
0.0457997545
0.0457630537
0.0456694561
0.0455432554
0.0454447510
0.0456075341
0.0456647033
0.0458090254
0.0456756342
0.0455430176
0.0455395033
0.0454232830
0.0456531220
0.0455255445
0.0456830448
0.0455923421
0.0454784941
0.0453605090
0.0452567394
0.0451639537
0.0454227462
0.0453428375
0.0452771847
0.0452172289
0.0451188486
0.0451349107
0.0450346344
0.0449093138
0.0450511754
0.0450464475
0.0449876257
0.0448805083
0.0448184015
0.0447144810
0.0449179341
0.0448018307
0.0446847112
0.0446287401
0.0445543098
0.0444366632
0.0443186889
0.0442798984
0.0441729074
0.0440793651
0.0440978403
0.0440076373
0.0438959886
0.0438044175
0.0437624901
0.0436846890
0.0437489144
0.0436442456
0.0436423490
0.0443442255
0.0442352073
0.0442143060
0.0441577373
0.0440921290
0.0440398809
0.0439429038
0.0438309192
0.0437195040
0.0438886073
0.0437932378
0.0436995700
0.0435988760
0.0434913437
0.0434555505
0.0433488441
0.0432748254
0.0432550559
0.0433629332
0.0433419330
0.0432350718
0.0432158764
0.0433498562
0.0434827424
0.0434205196
0.0435261237
0.0434204375
0.0433386422
0.0434191020
0.0437745765
0.0438284377
0.0437250800
0.0439136725
0.0439104210
0.0439871276
0.0438842756
0.0437958286
0.0436969896
0.0436085497
0.0435471750
0.0434462150
0.0434444710
0.0433521629
0.0434520031
0.0433914480
0.0434041860
0.0433585167
0.0432903734
0.0432553234
0.0431768645
0.0431321232
0.0430543656
0.0430910172
0.0429927551
0.0429041926
0.0428600088
0.0431934573
0.0432104397
0.0432063166
0.0431898353
0.0430976009
0.0430420763
0.0429475487
0.0428519148
0.0428213636
0.0427472222
0.0426663465
0.0425721805
0.0424784293
0.0423850900
0.0423833573
0.0422994102
0.0425886255
0.0426444257
0.0425595196
0.0424952425
0.0424162795
0.0424023421
0.0423307231
0.0422395910
0.0421526200
0.0421129938
0.0420829001
0.0425794825
0.0424887589
0.0426011473
0.0425258124
0.0424545116
0.0423697730
0.0430690262
0.0429783820
0.0430767225
0.0430047138
0.0430142599
0.0429468012
0.0430315899
0.0430508717
0.0429710586
0.0429451895
0.0429069826
0.0428401921
0.0427520892
0.0426643478
0.0427493878
0.0426687530
0.0426068233
0.0425537417
0.0424890426
0.0424121430
0.0424956643
0.0424102445
0.0424199832
0.0425162305
0.0424804201
0.0425065936
0.0424216020
0.0423378187
0.0422829527
0.0421989153
0.0422251229
0.0421801584
0.0423437656
0.0423393155
0.0422670276
0.0423402151
0.0424018247
0.0425163067
0.0424380400
0.0425188195
0.0425138055
0.0424690362
0.0424941368
0.0425536186
0.0424859736
0.0426061350
0.0425301412
0.0427685891
0.0427074973
0.0427158915
0.0426393356
0.0425741774
0.0425783890
0.0425024673
0.0424971136
0.0424786886
0.0426124903
0.0425690792
0.0425929120
0.0425526680
0.0425010705
0.0424441155
0.0423707702
0.0425258642
0.0424772134
0.0424122718
0.0423561202
0.0422934432
0.0422292683
0.0423895267
0.0423479896
0.0423525922
0.0422808094
0.0422254842
0.0421684205
0.0420942764
0.0420376128
0.0421665605
0.0421096694
0.0420338941
0.0419877815
0.0419417280
0.0419656085
0.0419171005
0.0421939631
0.0421568101
0.0421405469
0.0424439485
0.0426371646
0.0426463617
0.0429022149
0.0428478790
0.0428795804
0.0428330982
0.0427603811
0.0428250933
0.0428890885
0.0428240166
0.0432421395
0.0431675955
0.0431000394
0.0430251302
0.0429659118
0.0429435382
0.0430340681
0.0429597834
0.0429435962
0.0428773807
0.0428053677
0.0427533503
0.0426818111
0.0426605434
0.0426055792
0.0426505057
0.0426471609
0.0426257575
0.0427225053
0.0426603260
0.0426255315
0.0426223293
0.0425521385
0.0425174325
0.0428274232
0.0427585692
0.0427477693
0.0426766359
0.0426366355
0.0427640909
0.0428339201
0.0429892338
0.0429780843
0.0429282372
0.0429031825
0.0429614466
0.0428944746
0.0431599791
0.0431171030
0.0431443758
0.0431190552
0.0430558089
0.0429894375
0.0429644462
0.0429042511
0.0428374253
0.0429597679
0.0428904000
0.0428215056
0.0427525840
0.0428833451
0.0428215476
0.0429428771
0.0429130400
0.0428499549
0.0428084739
0.0427473928
0.0426886498
0.0426322406
0.0425948397
0.0426301749
0.0425698717
0.0425556283
0.0424886423
0.0424218668
0.0423568067
0.0423131561
0.0422695712
0.0422298229
0.0421639752
0.0422293978
0.0421675114
0.0423581790
0.0424953873
0.0426030245
0.0425408426
0.0424912964
0.0426082566
0.0425463984
0.0424945665
0.0424484684
0.0424057390
0.0423460443
0.0423276393
0.0423991073
0.0423434776
0.0423520949
0.0423208027
0.0426019083
0.0425426695
0.0424791991
0.0424480719
0.0424253500
0.0424393129
0.0426919647
0.0426787379
0.0426150822
0.0426058785
0.0425436363
0.0424906353
0.0424338048
0.0425475370
0.0424878498
0.0424251323
0.0423675233
0.0423051713
0.0423070307
0.0422946663
0.0425564704
0.0425069460
0.0425680319
0.0425184810
0.0425007820
0.0424492637
0.0424461103
0.0423926256
0.0425020747
0.0425091468
0.0424834386
0.0424861988
0.0424250898
0.0423704669
0.0423199131
0.0422625535
0.0423079126
0.0424447577
0.0424274461
0.0424193989
0.0423611327
0.0423185119
0.0424176534
0.0424773528
0.0424904742
0.0425097891
0.0424597305
0.0424673940
0.0424087976
0.0423613482
0.0423866033
0.0423270179
0.0424891530
0.0425869475
0.0426115731
0.0425755351
0.0425167814
0.0428771197
0.0429005938
0.0428409730
0.0427874524
0.0427340636
0.0426761010
0.0426953963
0.0426964610
0.0426399597
0.0426375288
0.0426047556
0.0425544133
0.0425623266
0.0425370261
0.0425809938
0.0425240911
0.0426820233
0.0428682877
0.0428101776
0.0428218192
0.0427717622
0.0427196832
0.0426666094
0.0427757924
0.0428235034
0.0428033705
0.0427916300
0.0427388637
0.0426986052
0.0426534416
0.0425975581
0.0425700322
0.0425132352
0.0425559688
0.0425315364
0.0425330180
0.0424884511
0.0424439708
0.0424864198
0.0424323994
0.0423770258
0.0423376331
0.0422839977
0.0425990177
0.0427154441
0.0426606369
0.0426406147
0.0427159707
0.0428149397
0.0427621695
0.0427070786
0.0427297454
0.0427268601
0.0428952102
0.0428402032
0.0432276449
0.0433093103
0.0432813663
0.0432329079
0.0431803333
0.0431247835
0.0431083613
0.0432124769
0.0433087833
0.0432625257
0.0433213615
0.0434085870
0.0434051128
0.0433504930
0.0433085658
0.0432999190
0.0432755076
0.0432218003
0.0432744688
0.0432953285
0.0432413605
0.0431956441
0.0433984216
0.0433713610
0.0433299683
0.0432767754
0.0432355624
0.0431902713
0.0431965277
0.0431432573
0.0430901180
0.0430364884
0.0429829921
0.0429307643
0.0429317346
0.0428941941
0.0429877948
0.0430388346
0.0430311617
0.0429910388
0.0429383046
0.0428963635
0.0428848682
0.0428621721
0.0429005352
0.0428684671
0.0428651850
0.0428278858
0.0430339667
0.0429992635
0.0429733301
0.0429791004
0.0429419239
0.0428967429
0.0428850308
0.0428387329
0.0427882339
0.0427396151
0.0426949263
0.0426634503
0.0426225127
0.0426281707
0.0425775864
0.0425296392
0.0424792955
0.0425281248
0.0425007500
0.0424678174
0.0425377298
0.0425593094
0.0426030405
0.0425536846
0.0425288488
0.0424785377
0.0424456140
0.0424080132
0.0423598857
0.0423245799
0.0423001571
0.0422504686
0.0423061556
0.0423173701
0.0424607913
0.0424585273
0.0424172626
0.0424069834
0.0424276375
0.0423822255
0.0423335434
0.0422844027
0.0422364539
0.0424620258
0.0424775123
0.0424284241
0.0423963104
0.0424633733
0.0425649794
0.0427230822
0.0431416765
0.0430927622
0.0430749178
0.0430256066
0.0429907799
0.0429427255
0.0428938920
0.0428460542
0.0428022643
0.0427554672
0.0427615121
0.0427674195
0.0427200266
0.0428749500
0.0428723477
0.0428265793
0.0427809082
0.0427392550
0.0427250481
0.0429521772
0.0429058380
0.0428719378
0.0429569894
0.0429099333
0.0429346685
0.0430870723
0.0430438551
0.0429960414
0.0429966900
0.0429554636
0.0429079030
0.0429587301
0.0429112622
0.0428778819
0.0428493535
0.0428133758
0.0428639050
0.0428429769
0.0427964330
0.0428146507
0.0427751242
0.0427676848
0.0427453225
0.0427059773
0.0429251730
0.0430118982
0.0429656515
0.0429232318
0.0428808949
0.0428729250
0.0428808895
0.0428487625
0.0428045304
0.0427777980
0.0429054597
0.0428662378
0.0428649990
0.0428259287
0.0428256742
0.0427796447
0.0427965414
0.0427573893
0.0427115842
0.0428380020
0.0428068398
0.0427653721
0.0427239837
0.0426888634
0.0426455531
0.0426920160
0.0426488201
0.0426276252
0.0426265784
0.0425879788
0.0425948890
0.0426318088
0.0425889846
0.0426581758
0.0426132973
0.0426216495
0.0426204933
0.0427951027
0.0427540914
0.0427092902
0.0426836653
0.0426627084
0.0426187609
0.0426549643
0.0426408158
0.0426105940
0.0426270514
0.0425894878
0.0425593026
0.0425217602
0.0425786145
0.0426605070
0.0426303551
0.0426001392
0.0425859434
0.0425932927
0.0425791524
0.0427162995
0.0426762863
0.0428807184
0.0428466252
0.0428066706
0.0427667896
0.0427237617
0.0427232335
0.0426861859
0.0426466186
0.0426266072
0.0427624768
0.0428420064
0.0428274693
0.0428129028
0.0427989741
0.0428238879
0.0428577078
0.0428242789
0.0427830979
0.0427406860
0.0426976929
0.0426554503
0.0426994316
0.0427776303
0.0427840984
0.0428616579
0.0428371559
0.0428010063
0.0427927296
