0.0000000000
0.0000005450
0.0000019003
0.0000020961
0.0000023288
0.0000023239
0.0000021548
0.0000019645
0.0000017825
0.0000017509
0.0000016685
0.0000016311
0.0000016795
0.0000015927
0.0000014977
0.0000014156
0.0000013664
0.0000013228
0.0000012619
0.0000012019
0.0000011549
0.0000011132
0.0000011014
0.0000010580
0.0000010242
0.0000009848
0.0000009509
0.0000009201
0.0000009010
0.0000008777
0.0000008699
0.0000008592
0.0000008358
0.0000008177
0.0000008002
0.0000007811
0.0000007614
0.0000007416
0.0000007259
0.0000007132
0.0000006966
0.0000006809
0.0000006655
0.0000006551
0.0000006414
0.0000006275
0.0000006152
0.0000006024
0.0000005903
0.0000005794
0.0000005711
0.0000005638
0.0000005542
0.0000005444
0.0000005440
0.0000005345
0.0000005299
0.0000005258
0.0000005207
0.0000005202
0.0000005117
0.0000005035
0.0000004972
0.0000004906
0.0000004830
0.0000004776
0.0000004705
0.0000004638
0.0000004593
0.0000004567
0.0000004503
0.0000004440
0.0000004380
0.0000004322
0.0000004267
0.0000004211
0.0000004193
0.0000004204
0.0000004165
0.0000004118
0.0000004068
0.0000004056
0.0000004044
0.0000003998
0.0000003952
0.0000003925
0.0000003883
0.0000003846
0.0000003807
0.0000003776
0.0000003735
0.0000003696
0.0000003667
0.0000003638
0.0000003609
0.0000003573
0.0000003613
0.0000003588
0.0000003571
0.0000003537
0.0000003504
0.0000003470
0.0000003438
0.0000003436
0.0000003403
0.0000003412
0.0000003381
0.0000003378
0.0000003347
0.0000003326
0.0000003305
0.0000003285
0.0000003267
0.0000003247
0.0000003219
0.0000003192
0.0000003166
0.0000003147
0.0000003139
0.0000003115
0.0000003091
0.0000003070
0.0000003049
0.0000003028
0.0000003005
0.0000003004
0.0000003021
0.0000003009
0.0000002986
0.0000002988
0.0000003008
0.0000003008
0.0000002987
0.0000002965
0.0000002945
0.0000002924
0.0000002903
0.0000002883
0.0000002863
0.0000002871
0.0000002851
0.0000002840
0.0000002848
0.0000002830
0.0000002815
0.0000002796
0.0000002778
0.0000002760
0.0000002749
0.0000002746
0.0000002729
0.0000002713
0.0000002706
0.0000002689
0.0000002673
0.0000002662
0.0000002651
0.0000002634
0.0000002623
0.0000002606
0.0000002615
0.0000002601
0.0000002585
0.0000002574
0.0000002602
0.0000002605
0.0000002603
0.0000002602
0.0000002594
0.0000002599
0.0000002615
0.0000002607
0.0000002593
0.0000002585
0.0000002572
0.0000002573
0.0000002562
0.0000002548
0.0000002536
0.0000002522
0.0000002519
0.0000002512
0.0000002509
0.0000002496
0.0000002482
0.0000002508
0.0000002501
0.0000002494
0.0000002486
0.0000002511
0.0000002499
0.0000002496
0.0000002489
0.0000002489
0.0000002490
0.0000002492
0.0000002484
0.0000002488
0.0000002478
0.0000002470
0.0000002493
0.0000002481
0.0000002470
0.0000002465
0.0000002456
0.0000002445
0.0000002436
0.0000002424
0.0000002420
0.0000002409
0.0000002405
0.0000002395
0.0000002389
0.0000002380
0.0000002371
0.0000002366
0.0000002357
0.0000002349
0.0000002340
0.0000002330
0.0000002320
0.0000002309
0.0000002318
0.0000002312
0.0000002302
0.0000002293
0.0000002284
0.0000002276
0.0000002272
0.0000002262
0.0000002257
0.0000002247
0.0000002254
0.0000002244
0.0000002236
0.0000002240
0.0000002231
0.0000002242
0.0000002248
0.0000002243
0.0000002237
0.0000002228
0.0000002220
0.0000002211
0.0000002202
0.0000002193
0.0000002185
0.0000002180
0.0000002191
0.0000002187
0.0000002184
0.0000002176
0.0000002167
0.0000002162
0.0000002154
0.0000002147
0.0000002141
0.0000002133
0.0000002126
0.0000002119
0.0000002111
0.0000002109
0.0000002109
0.0000002105
0.0000002106
0.0000002099
0.0000002091
0.0000002111
0.0000002108
0.0000002101
0.0000002098
0.0000002090
0.0000002084
0.0000002081
0.0000002087
0.0000002080
0.0000002076
0.0000002069
0.0000002062
0.0000002059
0.0000002052
0.0000002052
0.0000002047
0.0000002053
0.0000002060
0.0000002054
0.0000002053
0.0000002046
0.0000002041
0.0000002034
0.0000002027
0.0000002021
0.0000002020
0.0000002013
0.0000002009
0.0000002003
0.0000001997
0.0000001990
0.0000001989
0.0000001986
0.0000001983
0.0000001977
0.0000001971
0.0000001970
0.0000001966
0.0000001963
0.0000001962
0.0000001960
0.0000001955
0.0000001949
0.0000001944
0.0000001942
0.0000001937
0.0000001931
0.0000001942
0.0000001951
0.0000001952
0.0000001956
0.0000001949
0.0000001950
0.0000001944
0.0000001940
0.0000001934
0.0000001930
0.0000001930
0.0000001924
0.0000001919
0.0000001913
0.0000001921
0.0000001915
0.0000001909
0.0000001911
0.0000001905
0.0000001911
0.0000001910
0.0000001904
0.0000001902
0.0000001898
0.0000001893
0.0000001888
0.0000001882
0.0000001899
0.0000001899
0.0000001902
0.0000001897
0.0000001897
0.0000001892
0.0000001905
0.0000001900
0.0000001899
0.0000001894
0.0000001888
0.0000001883
0.0000001880
0.0000001879
0.0000001876
0.0000001874
0.0000001868
0.0000001864
0.0000001859
0.0000001861
0.0000001868
0.0000001863
0.0000001876
0.0000001880
0.0000001889
0.0000001904
0.0000001921
0.0000001935
0.0000001937
0.0000001934
0.0000001928
0.0000001928
0.0000001925
0.0000001920
0.0000001915
0.0000001914
0.0000001925
0.0000001921
0.0000001916
0.0000001913
0.0000001925
0.0000001927
0.0000001923
0.0000001918
0.0000001918
0.0000001914
0.0000001911
0.0000001908
0.0000001903
0.0000001899
0.0000001894
0.0000001900
0.0000001896
0.0000001892
0.0000001890
0.0000001885
0.0000001880
0.0000001877
0.0000001875
0.0000001870
0.0000001871
0.0000001869
0.0000001864
0.0000001860
0.0000001862
0.0000001859
0.0000001858
0.0000001854
0.0000001850
0.0000001854
0.0000001868
0.0000001864
0.0000001859
0.0000001856
0.0000001857
0.0000001853
0.0000001848
0.0000001845
0.0000001843
0.0000001849
0.0000001854
0.0000001863
0.0000001858
0.0000001861
0.0000001858
0.0000001854
0.0000001855
0.0000001851
0.0000001848
0.0000001845
0.0000001844
0.0000001843
0.0000001839
0.0000001840
0.0000001836
0.0000001834
0.0000001830
0.0000001826
0.0000001822
0.0000001820
0.0000001823
0.0000001819
0.0000001818
0.0000001815
0.0000001813
0.0000001811
0.0000001808
0.0000001809
0.0000001805
0.0000001809
0.0000001807
0.0000001803
0.0000001799
0.0000001798
0.0000001795
0.0000001794
0.0000001791
0.0000001788
0.0000001788
0.0000001785
0.0000001783
0.0000001785
0.0000001784
0.0000001788
0.0000001797
0.0000001794
0.0000001794
0.0000001791
0.0000001791
0.0000001790
0.0000001786
0.0000001783
0.0000001781
0.0000001777
0.0000001773
0.0000001770
0.0000001770
0.0000001769
0.0000001766
0.0000001771
0.0000001768
0.0000001767
0.0000001764
0.0000001761
0.0000001757
0.0000001754
0.0000001750
0.0000001747
0.0000001744
0.0000001741
0.0000001738
0.0000001734
0.0000001733
0.0000001733
0.0000001734
0.0000001740
0.0000001739
0.0000001739
0.0000001738
0.0000001735
0.0000001737
0.0000001743
0.0000001742
0.0000001739
0.0000001736
0.0000001734
0.0000001741
0.0000001747
0.0000001744
0.0000001741
0.0000001738
0.0000001736
0.0000001743
0.0000001748
0.0000001744
0.0000001742
0.0000001739
0.0000001736
0.0000001734
0.0000001731
0.0000001728
0.0000001725
0.0000001725
0.0000001731
0.0000001733
0.0000001733
0.0000001732
0.0000001729
0.0000001725
0.0000001722
0.0000001720
0.0000001716
0.0000001713
0.0000001710
0.0000001707
0.0000001704
0.0000001701
0.0000001698
0.0000001696
0.0000001699
0.0000001696
0.0000001693
0.0000001692
0.0000001690
0.0000001687
0.0000001686
0.0000001691
0.0000001698
0.0000001698
0.0000001698
0.0000001695
0.0000001699
0.0000001708
0.0000001718
0.0000001719
0.0000001716
0.0000001719
0.0000001717
0.0000001723
0.0000001720
0.0000001725
0.0000001724
0.0000001722
0.0000001720
0.0000001717
0.0000001714
0.0000001712
0.0000001709
0.0000001712
0.0000001709
0.0000001718
0.0000001723
0.0000001720
0.0000001717
0.0000001714
0.0000001714
0.0000001711
0.0000001709
0.0000001710
0.0000001711
0.0000001709
0.0000001709
0.0000001706
0.0000001712
0.0000001712
0.0000001710
0.0000001707
0.0000001705
0.0000001703
0.0000001701
0.0000001700
0.0000001697
0.0000001694
0.0000001697
0.0000001694
0.0000001691
0.0000001689
0.0000001687
0.0000001687
0.0000001685
0.0000001684
0.0000001684
0.0000001682
0.0000001679
0.0000001677
0.0000001674
0.0000001674
0.0000001672
0.0000001670
0.0000001667
0.0000001665
0.0000001662
0.0000001660
0.0000001659
0.0000001658
0.0000001656
0.0000001653
0.0000001652
0.0000001652
0.0000001651
0.0000001649
0.0000001647
0.0000001645
0.0000001645
0.0000001645
0.0000001645
0.0000001651
0.0000001653
0.0000001650
0.0000001648
0.0000001646
0.0000001653
0.0000001652
0.0000001651
0.0000001648
0.0000001646
0.0000001643
0.0000001645
0.0000001645
0.0000001642
0.0000001640
0.0000001647
0.0000001645
0.0000001644
0.0000001651
0.0000001651
0.0000001651
0.0000001658
0.0000001658
0.0000001659
0.0000001663
0.0000001663
0.0000001665
0.0000001664
0.0000001664
0.0000001665
0.0000001671
0.0000001668
0.0000001668
0.0000001667
0.0000001672
0.0000001669
0.0000001668
0.0000001667
0.0000001665
0.0000001663
0.0000001661
0.0000001658
0.0000001656
0.0000001655
0.0000001653
0.0000001652
0.0000001650
0.0000001650
0.0000001652
0.0000001659
0.0000001663
0.0000001665
0.0000001663
0.0000001666
0.0000001664
0.0000001662
0.0000001662
0.0000001663
0.0000001662
0.0000001660
0.0000001660
0.0000001657
0.0000001655
0.0000001653
0.0000001654
0.0000001653
0.0000001653
0.0000001652
0.0000001650
0.0000001648
0.0000001648
0.0000001646
0.0000001644
0.0000001643
0.0000001642
0.0000001642
0.0000001640
0.0000001637
0.0000001635
0.0000001635
0.0000001634
0.0000001638
0.0000001636
0.0000001643
0.0000001642
0.0000001639
0.0000001637
0.0000001635
0.0000001634
0.0000001635
0.0000001635
0.0000001632
0.0000001630
0.0000001628
0.0000001626
0.0000001624
0.0000001624
0.0000001622
0.0000001622
0.0000001622
0.0000001620
0.0000001617
0.0000001615
0.0000001614
0.0000001613
0.0000001611
0.0000001609
0.0000001607
0.0000001606
0.0000001605
0.0000001603
0.0000001603
0.0000001602
0.0000001607
0.0000001605
0.0000001603
0.0000001603
0.0000001602
0.0000001604
0.0000001602
0.0000001600
0.0000001610
0.0000001609
0.0000001612
0.0000001616
0.0000001617
0.0000001617
0.0000001616
0.0000001614
0.0000001613
0.0000001611
0.0000001610
0.0000001608
0.0000001605
0.0000001606
0.0000001608
0.0000001606
0.0000001605
0.0000001605
0.0000001603
0.0000001603
0.0000001605
0.0000001605
0.0000001605
0.0000001604
0.0000001602
0.0000001600
0.0000001600
0.0000001603
0.0000001605
0.0000001607
0.0000001605
0.0000001603
0.0000001610
0.0000001608
0.0000001607
0.0000001605
0.0000001604
0.0000001602
0.0000001602
0.0000001600
0.0000001600
0.0000001601
0.0000001599
0.0000001599
0.0000001607
0.0000001608
0.0000001609
0.0000001608
0.0000001606
0.0000001605
0.0000001610
0.0000001608
0.0000001606
0.0000001604
0.0000001603
0.0000001602
0.0000001600
0.0000001601
0.0000001604
0.0000001604
0.0000001604
0.0000001604
0.0000001602
0.0000001600
0.0000001598
0.0000001599
0.0000001599
0.0000001597
0.0000001603
0.0000001601
0.0000001600
0.0000001599
0.0000001597
0.0000001596
0.0000001594
0.0000001594
0.0000001592
0.0000001595
0.0000001594
0.0000001592
0.0000001591
0.0000001589
0.0000001588
0.0000001586
0.0000001585
0.0000001583
0.0000001581
0.0000001580
0.0000001580
0.0000001579
0.0000001578
0.0000001579
0.0000001586
0.0000001589
0.0000001588
0.0000001589
0.0000001588
0.0000001591
0.0000001592
0.0000001591
0.0000001589
0.0000001588
0.0000001588
0.0000001587
0.0000001585
0.0000001585
0.0000001583
0.0000001584
0.0000001585
0.0000001590
0.0000001588
0.0000001589
0.0000001592
0.0000001595
0.0000001593
0.0000001592
0.0000001590
0.0000001588
0.0000001587
0.0000001585
0.0000001585
0.0000001585
0.0000001584
0.0000001584
0.0000001582
0.0000001581
0.0000001580
0.0000001579
0.0000001577
0.0000001577
0.0000001577
0.0000001575
0.0000001573
0.0000001580
0.0000001585
0.0000001583
0.0000001582
0.0000001581
0.0000001580
0.0000001578
0.0000001577
0.0000001577
0.0000001575
0.0000001573
0.0000001572
0.0000001571
0.0000001572
0.0000001571
0.0000001571
0.0000001571
0.0000001570
0.0000001568
0.0000001567
0.0000001565
0.0000001566
0.0000001565
0.0000001564
0.0000001567
0.0000001567
0.0000001566
0.0000001570
0.0000001569
0.0000001568
0.0000001566
0.0000001566
0.0000001565
0.0000001563
0.0000001563
0.0000001563
0.0000001567
0.0000001573
0.0000001573
0.0000001571
0.0000001572
0.0000001571
0.0000001569
0.0000001570
0.0000001569
0.0000001568
0.0000001567
0.0000001566
0.0000001565
0.0000001563
0.0000001562
0.0000001561
0.0000001562
0.0000001570
0.0000001571
0.0000001572
0.0000001577
0.0000001576
0.0000001577
0.0000001576
0.0000001577
0.0000001576
0.0000001579
0.0000001578
0.0000001577
0.0000001576
0.0000001580
0.0000001579
0.0000001578
0.0000001576
0.0000001576
0.0000001575
0.0000001576
0.0000001575
0.0000001574
0.0000001577
0.0000001576
0.0000001577
0.0000001579
0.0000001577
0.0000001579
0.0000001577
0.0000001578
0.0000001577
0.0000001575
0.0000001575
0.0000001574
0.0000001572
0.0000001571
0.0000001579
0.0000001579
0.0000001588
0.0000001591
0.0000001590
0.0000001588
0.0000001587
0.0000001586
0.0000001585
0.0000001585
0.0000001585
0.0000001584
0.0000001582
0.0000001581
0.0000001579
0.0000001578
0.0000001578
0.0000001577
0.0000001575
0.0000001574
0.0000001573
0.0000001573
0.0000001573
0.0000001572
0.0000001571
0.0000001573
0.0000001575
0.0000001573
0.0000001574
0.0000001573
