0 749.8199614380 42.9722819100
1 749.8115865016 42.9946116683
2 749.8026052132 43.0194214025
3 749.7926606888 43.0323873855
4 749.7817645025 43.0648630121
5 749.7697086393 43.0940654716
6 749.7563623952 43.1236743104
7 749.7416959188 43.1702847859
8 749.7254811378 43.2097967940
9 749.7076630636 43.2590269512
10 749.6881392872 43.3194886899
11 749.6666965509 43.3732143760
12 749.6433097227 43.4434317574
13 749.6177929154 43.5169615352
14 749.5899744493 43.5888883633
15 749.5598020082 43.6795286105
16 749.5270177589 43.7666538131
17 749.4914918669 43.8606179816
18 749.4530884672 43.9704680111
19 749.4115057479 44.0742833070
20 749.3666252349 44.1938101180
21 749.3181913488 44.3229861413
22 749.2658890345 44.4495074905
23 749.2095604864 44.5980893860
24 749.1488261327 44.7497016975
25 749.0833780561 44.9073298519
26 749.0129663197 45.0889154783
27 748.9371151051 45.2697379933
28 748.8555252464 45.4680145967
29 748.7678174516 45.6873642115
30 748.6734692825 45.9073060668
31 748.5721698518 46.1552460788
32 748.4634015970 46.4180524632
33 748.3466486173 46.6885742218
34 748.2215484998 46.9930986121
35 748.0874697173 47.3059673672
36 747.9439368337 47.6378628941
37 747.7904878994 48.0030551523
38 747.6264288268 48.3733569537
39 747.4513204232 48.7746318552
40 747.2645637185 49.2023090979
41 747.0654623466 49.6377533078
42 746.8535666157 50.1124722472
43 746.6281327970 50.6038496643
44 746.3885063602 51.1116773253
45 746.1341539313 51.6603227427
46 745.8642182785 52.2178372723
47 745.5780940111 52.8037876283
48 745.2750962016 53.4249226738
49 744.9543169966 54.0531226662
50 744.6151653367 54.7205277822
51 744.2567755730 55.4128620764
52 743.8782615793 56.1177711338
53 743.4789835671 56.8671016769
54 743.0579240871 57.6308869670
55 742.6142727601 58.4180502668
56 742.1472775424 59.2470418345
57 741.6558521845 60.0841327616
58 741.1392760753 60.9561945406
59 740.5966515663 61.8604795314
60 740.0269338731 62.7730697497
61 739.4294603906 63.7279428967
62 738.8032061551 64.7019535675
63 738.1472657429 65.6905711312
64 737.4609715179 66.7209950827
65 736.7432443647 67.7587860160
66 735.9933672764 68.8203933576
67 735.2106046565 69.9150549437
68 734.3939333037 71.0106686764
69 733.5428077625 72.1376171314
70 732.6563982583 73.2833008950
71 731.7338504052 74.4304497095
72 730.7747191569 75.6106573337
73 729.7781165623 76.7944387068
74 728.7434352229 77.9855829997
75 727.6702424151 79.2038021729
76 726.5576910370 80.4143284548
77 725.4054385979 81.6395477294
78 724.2130072861 82.8791814976
79 722.9797255011 84.1065694548
80 721.7054714266 85.3527675075
81 720.3897320805 86.5975474140
82 719.0321355410 87.8320948144
83 717.6326980166 89.0829758364
84 716.1909570174 90.3179584402
85 714.7069081858 91.5483905474
86 713.1806252017 92.7853390254
87 711.6118324557 93.9970086435
88 710.0008794950 95.2091425965
89 708.3478599287 96.4127718092
90 706.6528231216 97.5883954257
91 704.9163850732 98.7648755418
92 703.1386887000 99.9167306028
93 701.3201953552 101.0433674280
94 699.4616654127 102.1646372342
95 697.5633830364 103.2484673816
96 695.6262234392 104.3121219086
97 693.6509893570 105.3582778883
98 691.6382281694 106.3604676187
99 689.5891452601 107.3457875986
100 687.5045500839 108.2986275238
101 685.3853565246 109.2077319519
102 683.2329642724 110.0984334485
103 681.0482364830 110.9429717762
104 678.8324927746 111.7486472436
105 676.5871927331 112.5285389413
106 674.3133626469 113.2534981075
107 672.0126834116 113.9454029252
108 669.6865952716 114.5998307117
109 667.3364096139 115.1973195542
110 664.9640472254 115.7648176200
111 662.5709208039 116.2821996923
112 660.1586881065 116.7465713998
113 657.7293419085 117.1786598296
114 655.2843274792 117.5505960449
115 652.8256351558 117.8764446831
116 650.3552067942 118.1625861544
117 647.8746355406 118.3846014990
118 645.3861414930 118.5673686156
119 642.8915330527 118.7004736240
120 640.3926062490 118.7721034531
121 637.8916235108 118.8075051597
122 635.3902652656 118.7840135126
123 632.8905509499 118.7069988992
124 630.3946210325 118.5922076577
125 627.9040857353 118.4138721663
126 625.4210879730 118.1916560203
127 622.9475141298 117.9256613583
128 620.4850030318 117.5977196847
129 618.0357081444 117.2342975907
130 615.6012427079 116.8205105777
131 613.1833067352 116.3525904648
132 610.7838734814 115.8527360032
133 608.4043334136 115.2975799463
134 606.0464677962 114.6999481718
135 603.7119748554 114.0699691653
136 601.4021089740 113.3853852269
137 599.1186051746 112.6696514678
138 596.8628109860 111.9170552431
139 594.6359608462 111.1164567225
140 592.4396518711 110.2937377872
141 590.2748998761 109.4303272352
142 588.1429064669 108.5299436547
143 586.0449754473 107.6105006927
144 583.9819002200 106.6495883226
145 581.9548492382 105.6655875318
146 579.9647413061 104.6617694478
147 578.0121964293 103.6204441176
148 576.0982379572 102.5672989012
149 574.2234295247 101.4915895275
150 572.3883166019 100.3888361088
151 570.5936408535 99.2815363033
152 568.8396330139 98.1491330369
153 567.1267854348 97.0028474228
154 565.4555202510 95.8548690716
155 563.8258463936 94.6841860300
156 562.2381224618 93.5123876510
157 560.6924139765 92.3368435473
158 559.1886421506 91.1463111764
159 557.7269882574 89.9652656613
160 556.3071861316 88.7775463725
161 554.9290965343 87.5856726815
162 553.5926747526 86.4083206843
163 552.2974558742 85.2245177209
164 551.0432347832 84.0493775401
165 549.8296747337 82.8878129905
166 548.6562225709 81.7235789067
167 547.5226049248 80.5797454069
168 546.4282172980 79.4464309269
169 545.3724605309 78.3178432234
170 544.3549342736 77.2159331838
171 543.3748734438 76.1224834513
172 542.4316709239 75.0447021105
173 541.5247258835 73.9937171643
174 540.6531989911 72.9511288170
175 539.8164986277 71.9354831782
176 539.0138334986 70.9436402530
177 538.2443390355 69.9634968374
178 537.5073958899 69.0171338487
179 536.8021056414 68.0910603284
180 536.1276359903 67.1843614207
181 535.4832689261 66.3122584595
182 534.8680723811 65.4574647227
183 534.2812959691 64.6317274180
184 533.7221127793 63.8376538788
185 533.1895981328 63.0600571875
186 532.6830692759 62.3183103407
187 532.2016519736 61.6041140888
188 531.7444762423 60.9097491049
189 531.3108588137 60.2522608891
190 530.8999437933 59.6179106851
191 530.5109740622 59.0103875174
192 530.1432223327 58.4364230461
193 529.7958777773 57.8817269657
194 529.4683154873 57.3603932689
195 529.1597935605 56.8681728347
196 528.8695602780 56.3940978052
197 528.5970741351 55.9551991583
198 528.3416434642 55.5413623849
199 528.1026121631 55.1488623042
200 527.8794501071 54.7880485589
201 527.6715550320 54.4482584049
202 527.4784174081 54.1356480458
203 527.2995042677 53.8494828789
204 527.1343029404 53.5811080315
205 526.9824556747 53.3444820412
206 526.8434666629 53.1310000131
207 526.7168850232 52.9343675452
208 526.6024329506 52.7681576086
209 526.4997191205 52.6227908656
210 526.4083999844 52.4963150228
211 526.3282529116 52.3946096687
212 526.2590664703 52.3133569747
213 526.2006679437 52.2580937653
214 526.1528374903 52.2238345804
215 526.1154387645 52.2091339794
216 526.0884064638 52.2240209092
217 526.0715390388 52.2560962472
218 526.0647760246 52.3042806743
219 526.0682276204 52.3808840843
220 526.0818932493 52.4778519960
221 526.1058142548 52.5941964981
222 526.1401490577 52.7359171724
223 526.1850366170 52.9018213297
224 526.2405795976 53.0905608771
225 526.3069355534 53.2979521144
226 526.3844225505 53.5309263906
227 526.4733180651 53.7932142497
228 526.5737999254 54.0729747452
229 526.6862459916 54.3771173387
230 526.8110728507 54.7131242623
231 526.9485475542 55.0688954646
232 527.0990915446 55.4468893995
233 527.2632635828 55.8566820184
234 527.4414923228 56.2936092142
235 527.6341871839 56.7524900064
236 527.8419366463 57.2381222874
237 528.0653635997 57.7565518152
238 528.3049453908 58.3002759121
239 528.5612582869 58.8664374072
240 528.8350557031 59.4675813526
241 529.1269128119 60.0986390315
242 529.4373743195 60.7494502397
243 529.7672568741 61.4325200676
244 530.1172952333 62.1503681898
245 530.4880380220 62.8903126882
246 530.8802385241 63.6566601405
247 531.2947474892 64.4582529450
248 531.7321979201 65.2868327186
249 532.1932595633 66.1370097177
250 532.6788277025 67.0195783332
251 533.1896414860 67.9342033285
252 533.7262764261 68.8677773436
253 534.2895767209 69.8272798222
254 534.8804018993 70.8212254388
255 535.4993047593 71.8354720093
256 536.1469925196 72.8688098459
257 536.8243636128 73.9341410252
258 537.5320107353 75.0226195728
259 538.2704880956 76.1250546076
260 539.0406419020 77.2531649118
261 539.8431374087 78.4068202151
262 540.6783976233 79.5720264458
263 541.5471172631 80.7542158885
264 542.4500154406 81.9616045045
265 543.3874430156 83.1806081897
266 544.3598816605 84.4079338939
267 545.3680397349 85.6563982539
268 546.4122586408 86.9176984314
269 547.4927902689 88.1806620747
270 548.6102274242 89.4571900767
271 549.7649350822 90.7467795807
272 550.9569840848 92.0342174960
273 552.1867656859 93.3260465980
274 553.4546447037 94.6289592765
275 554.7605613992 95.9279739146
276 556.1046497387 97.2218877165
277 557.4872369121 98.5222361234
278 558.9082016119 99.8185106618
279 560.3673901143 101.1015905670
280 561.8649980085 102.3834862968
281 563.4008921386 103.6607700391
282 564.9746792623 104.9193088410
283 566.5863420443 106.1677407105
284 568.2357195370 107.4095165457
285 569.9222252186 108.6288683898
286 571.6455821006 109.8287677453
287 573.4055880276 111.0183714887
288 575.2015205768 112.1837970304
289 577.0327903191 113.3209217016
290 578.8990930427 114.4417413573
291 580.7996475308 115.5375910009
292 582.7335709218 116.5983675137
293 584.7003696833 117.6353325558
294 586.6992138705 118.6460088630
295 588.7289761791 119.6166901850
296 590.7889381672 120.5557254160
297 592.8782216662 121.4667216616
298 594.9954839079 122.3345292294
299 597.1397330438 123.1626108636
300 599.3100481259 123.9599378648
301 601.5049520722 124.7130160079
302 603.7231465491 125.4193171395
303 605.9636083839 126.0905998840
304 608.2248020655 126.7175550305
305 610.5051727454 127.2928043033
306 612.8035457915 127.8283920597
307 615.1183326818 128.3197057118
308 617.4477620468 128.7557385333
309 619.7905173332 129.1474450923
310 622.1450086620 129.4955590467
311 624.5092928740 129.7866223964
312 626.8819001189 130.0286866059
313 629.2613020769 130.2283165555
314 631.6454679001 130.3720941204
315 634.0327013669 130.4630813216
316 636.4214488663 130.5111525830
317 638.8096662941 130.5047826895
318 641.1955397887 130.4427259346
319 643.5775797926 130.3370476171
320 645.9538959509 130.1798832952
321 648.3227261034 129.9677495560
322 650.6826737753 129.7147567796
323 653.0318524177 129.4157150628
324 655.3682643561 129.0614536532
325 657.6904128855 128.6642788061
326 659.9965568565 128.2231689999
327 662.2848245264 127.7268616494
328 664.5539902125 127.1873489381
329 666.8028049871 126.6111476979
330 669.0296519280 125.9881083938
331 671.2332331190 125.3254704005
332 673.4122255366 124.6293727884
333 675.5650058038 123.8882442640
334 677.6904001584 123.1073732990
335 679.7874211661 122.2970276954
336 681.8547617288 121.4475454077
337 683.8914567859 120.5623302693
338 685.8967242798 119.6538225550
339 687.8693202284 118.7109247982
340 689.8083130206 117.7309959476
341 691.7133266667 116.7303926845
342 693.5836543862 115.7053302088
343 695.4185419061 114.6501029640
344 697.2176232274 113.5774373121
345 698.9803261051 112.4850361469
346 700.7060528380 111.3658474718
347 702.3946210891 110.2315394906
348 704.0457598868 109.0827479779
349 705.6591663983 107.9139883652
350 707.2348007626 106.7367312810
351 708.7723611226 105.5488589937
352 710.2715535211 104.3398727818
353 711.7326904731 103.1246036622
354 713.1559216648 101.9090394170
355 714.5410129962 100.6788179086
356 715.8881985899 99.4418217940
357 717.1978534052 98.2085724858
358 718.4699899132 96.9674571596
359 719.7048889247 95.7213493595
360 720.9030892451 94.4823922630
361 722.0648564515 93.2443260322
362 723.1904511800 92.0063111167
363 724.2802815905 90.7739156831
364 725.3348090175 89.5432382847
365 726.3546853291 88.3218191389
366 727.3403769986 87.1155473294
367 728.2920790959 85.9101897363
368 729.2104498721 84.7111665726
369 730.0963089691 83.5348330800
370 730.9499594262 82.3672576816
371 731.7719172494 81.2045156767
372 732.5631311860 80.0671211519
373 733.3240943630 78.9483114071
374 734.0551508554 77.8343852872
375 734.7571897588 76.7404541169
376 735.4310786888 75.6733347020
377 736.0772913276 74.6228194194
378 736.6963768707 73.5883953980
379 737.2891730743 72.5745152561
380 737.8565676654 71.5869072922
381 738.3991573869 70.6260498280
382 738.9174036169 69.6795605104
383 739.4122130807 68.7532437502
384 739.8845742064 67.8645758637
385 740.3349032714 66.9977916338
386 740.7637755473 66.1422598812
387 741.1723002943 65.3236143153
388 741.5611071028 64.5386299744
389 741.9305004403 63.7611586252
390 742.2814755526 63.0091507472
391 742.6150574454 62.3016463472
392 742.9315226410 61.6144125753
393 743.2312886875 60.9371316690
394 743.5154066864 60.2908941676
395 743.7847194798 59.6815724497
396 744.0395256006 59.0924919717
397 744.2803024091 58.5165554459
398 744.5079796526 57.9702059311
399 744.7231919412 57.4582200593
400 744.9261519624 56.9566854826
401 745.1175619412 56.4691084530
402 745.2983717573 56.0241724628
403 745.4687459803 55.6014330998
404 745.6288233548 55.1728955192
405 745.7796407862 54.7725855192
406 745.9219232014 54.4162526037
407 746.0555241427 54.0618856430
408 746.1808272408 53.7080428850
409 746.2988084500 53.3922131619
410 746.4097357050 53.1002902237
411 746.5135781962 52.8026623503
412 746.6110276844 52.5219659119
413 746.7027253343 52.2771421773
414 746.7885477430 52.0375497594
415 746.8686585703 51.7899862159
416 746.9439540744 51.5705580067
417 747.0147700040 51.3842297590
418 747.0807264763 51.1870211278
419 747.1422072392 50.9843486854
420 747.2001158441 50.8211614009
421 747.2543954744 50.6746239505
422 747.3047764020 50.5071589455
423 747.3519464164 50.3566630709
424 747.3963364309 50.2405262377
425 747.4375632513 50.1109240198
426 747.4759074137 49.9736610214
427 747.5121250949 49.8745491278
428 747.5459963914 49.7850824049
429 747.5772057196 49.6677645230
430 747.6065330935 49.5661950273
431 747.6344536584 49.5042164956
432 747.6603441114 49.4287389382
433 747.6841787989 49.3304112153
434 747.7068318265 49.2632948499
435 747.7283300399 49.2182997482
436 747.7481318094 49.1460650486
437 747.7666822226 49.0739430488
438 747.7845397889 49.0370339651
439 747.8012844224 48.9912000935
440 747.8168723645 48.9237068095
441 747.8319935548 48.8868964116
442 747.8464764908 48.8642247027
443 747.8598185893 48.8059856965
444 747.8726798116 48.7554151436
445 747.8855332422 48.7463048798
446 747.8976300091 48.7172113192
447 747.9088893748 48.6571790064
448 747.9202382610 48.6316499354
449 747.9315759944 48.6266153540
450 747.9421880088 48.5843716171
451 747.9525365044 48.5395876363
452 747.9631986257 48.5315376888
453 747.9736426554 48.5113370492
454 747.9837041724 48.4653555058
455 747.9940054791 48.4455221291
456 748.0044017845 48.4357843396
457 748.0144664696 48.3938674222
458 748.0247328697 48.3617809288
459 748.0354127018 48.3600473283
460 748.0458136140 48.3304759944
461 748.0561079343 48.2804704718
462 748.0670636625 48.2703205011
463 748.0782169551 48.2644994864
464 748.0889806163 48.2146752786
465 748.1000949177 48.1775520166
466 748.1118974329 48.1775083237
467 748.1235856577 48.1494968260
468 748.1351737753 48.0982813555
469 748.1473789475 48.0805340133
470 748.1599163405 48.0664188442
471 748.1723434243 48.0213672831
472 748.1851076865 47.9883951567
473 748.1983065528 47.9733922224
474 748.2115095375 47.9340278098
475 748.2249758471 47.8926183591
476 748.2389700815 47.8780554217
477 748.2529660781 47.8454955305
478 748.2669968741 47.7902828116
479 748.2817155650 47.7682687981
480 748.2967460107 47.7539227693
481 748.3114988865 47.6970191840
482 748.3266438068 47.6494412119
483 748.3425413802 47.6404934893
484 748.3583687173 47.6055608748
485 748.3740577013 47.5427385232
486 748.3903834617 47.5126960235
487 748.4071328895 47.4937041023
488 748.4237084130 47.4419895314
489 748.4404567167 47.3931258551
490 748.4576705549 47.3665362080
491 748.4749920688 47.3260285419
492 748.4923968397 47.2783317673
493 748.5100372518 47.2450266477
494 748.5277115425 47.2002743844
495 748.5455491652 47.1497152827
496 748.5637630240 47.1228837199
497 748.5818712287 47.0847726258
498 748.5997784990 47.0193277203
499 748.6181797540 46.9819526427
500 748.6368880567 46.9655054478
501 748.6550998605 46.9085173822
502 748.6732562143 46.8425287559
503 748.6920623877 46.8223795408
504 748.7108314693 46.7972729391
505 748.7290177395 46.7294232872
506 748.7473748479 46.6790037497
507 748.7661870518 46.6617755731
508 748.7847233970 46.6228550519
509 748.8028410804 46.5645403652
510 748.8210636169 46.5240809980
511 748.8394617718 46.4953573739
512 748.8576712178 46.4615348706
513 748.8754652801 46.4176130953
514 748.8930470729 46.3685565144
515 748.9108139255 46.3389316813
516 748.9285161383 46.3240896584
517 748.9454909001 46.2798941040
518 748.9620799141 46.2213943021
519 748.9790779626 46.2086568619
520 748.9958749030 46.2080789022
521 749.0115662312 46.1528034965
522 749.0269801702 46.1004084358
523 749.0428992550 46.1120442480
524 749.0582149022 46.1094838598
525 749.0722774481 46.0487474362
526 749.0862927264 46.0177871534
527 749.1006873210 46.0423173056
528 749.1142101772 46.0367152642
529 749.1265486287 45.9882174617
530 749.1388579580 45.9767732474
531 749.1512803161 46.0105220668
532 749.1625758469 46.0129620931
533 749.1725389201 45.9745237527
534 749.1824211666 45.9723983387
535 749.1924702421 46.0217459134
536 749.2013658031 46.0396656722
537 749.2088919907 46.0087995316
538 749.2165105985 46.0291857110
539 749.2241798219 46.1131936739
540 749.2300010227 46.1373762214
541 749.2340873050 46.1051184065
542 749.2384657651 46.1570525372
543 749.2427359630 46.2643503178
544 749.2449084002 46.2837725092
545 749.2458436458 46.2764632193
546 749.2474353574 46.3815383288
547 749.2482684592 46.5077455102
548 749.2463869014 46.5241870489
549 749.2434466280 46.5455165404
550 749.2412288442 46.6898126316
551 749.2378606797 46.8254120816
552 749.2318313852 46.8552074827
553 749.2251759515 46.9264624692
554 749.2189207297 47.1150841323
555 749.2105629225 47.2547478279
556 749.1993292702 47.2872390476
557 749.1881461089 47.4014767006
558 749.1776016763 47.6384720560
559 749.1645336548 47.7899425079
560 749.1486864811 47.8443974049
561 749.1332009307 48.0219222433
562 749.1175822544 48.2888791406
563 749.0986620950 48.4204979374
564 749.0778418626 48.5046043979
565 749.0583453149 48.7660294407
566 749.0378915035 49.0629460805
567 749.0132110986 49.1815623672
568 748.9871299300 49.3099184156
569 748.9625277149 49.6322871039
570 748.9361591256 49.9201624712
571 748.9060176636 50.0410942689
572 748.8758757248 50.2576342946
573 748.8466672327 50.6388502709
574 748.8140232164 50.8920183680
575 748.7780646507 51.0117495076
576 748.7437361086 51.3101091437
577 748.7101610433 51.7308596505
578 748.6723550960 51.9614472617
579 748.6320190941 52.1200710416
580 748.5936844546 52.4944499129
581 748.5546816225 52.8960966359
582 748.5114469788 53.0842572259
583 748.4680063153 53.3195216548
584 748.4269533326 53.7815985313
585 748.3830175088 54.1412498539
586 748.3346730774 54.2891207958
587 748.2881829302 54.6002353595
588 748.2441307057 55.1019001544
589 748.1961885959 55.4045147769
590 748.1452251495 55.5749343190
591 748.0971508062 55.9792528311
592 748.0495089824 56.4445212699
593 747.9975346851 56.6570994981
594 747.9457726503 56.8924284080
595 747.8979743912 57.3917121344
596 747.8480008040 57.7896468419
597 747.7934709807 57.9316709154
598 747.7417727354 58.2384794671
599 747.6940352237 58.7626003010
600 747.6428337583 59.0672212533
601 747.5889655459 59.2157044419
602 747.5393179184 59.6153468977
603 747.4910643049 60.0754493652
604 747.4387747251 60.2546353444
605 747.3877730356 60.4643311110
606 747.3420186091 60.9520202681
607 747.2943045302 61.3044419555
608 747.2426094926 61.3879288460
609 747.1955309059 61.6734539462
610 747.1533315882 62.1659341311
611 747.1075035592 62.3894009269
612 747.0600711778 62.4742417261
613 747.0185854638 62.8425830014
614 746.9788862377 63.2279519392
615 746.9356537061 63.3119298206
616 746.8954623576 63.4785268915
617 746.8611600759 63.9073867338
618 746.8244984966 64.1280550425
619 746.7855316044 64.1175498032
620 746.7535322506 64.3788675843
621 746.7259649858 64.7763259385
622 746.6940681159 64.8392512635
623 746.6627330655 64.8445707715
624 746.6390185042 65.1647674109
625 746.6163337825 65.4078360264
626 746.5906827525 65.3566206909
627 746.5699377633 65.4748529510
628 746.5544746325 65.7906771875
629 746.5359941468 65.8185348445
630 746.5179141161 65.7256996711
631 746.5081405265 65.9604651167
632 746.5001250720 66.1814085275
633 746.4874889245 66.0411370868
634 746.4788866266 66.0029246098
635 746.4781708103 66.2608810388
636 746.4759815663 66.2964555597
637 746.4717983427 66.1070239098
638 746.4742619586 66.1882415913
639 746.4802206459 66.3420112765
640 746.4829767422 66.1691286026
641 746.4890432325 66.0451056122
642 746.5022523171 66.2159310340
643 746.5136180403 66.1818890222
644 746.5225506036 65.8876450882
645 746.5389513642 65.8777391760
646 746.5600730249 66.0093975385
647 746.5766934633 65.7847835633
648 746.5942787922 65.5214729237
649 746.6195816925 65.5859308927
650 746.6451757626 65.5347567973
651 746.6678964745 65.2027270112
652 746.6957877860 65.0862802040
653 746.7276521116 65.1185825169
654 746.7559326110 64.8334638962
655 746.7857468726 64.5205666038
656 746.8226977036 64.5367158960
657 746.8585205396 64.4201634335
658 746.8902923581 63.9901044585
659 746.9275996135 63.7943376666
660 746.9699632202 63.8054418255
661 747.0081092623 63.4940132840
662 747.0455708460 63.0932859400
663 747.0892660495 63.0131129696
664 747.1330550023 62.8570114033
665 747.1734626476 62.4188459232
666 747.2177788862 62.1812705028
667 747.2651693912 62.1066782198
668 747.3084267587 61.7238427997
669 747.3521924536 61.3076711658
670 747.4018754885 61.2224618172
671 747.4498341120 61.0130470158
672 747.4933043349 60.5016183507
673 747.5410101201 60.2259170572
674 747.5923192669 60.1426427313
675 747.6390606116 59.7481064714
676 747.6847715591 59.2956532536
677 747.7351137376 59.1479818524
678 747.7843116582 58.9007672615
679 747.8301215837 58.4126555875
680 747.8789490864 58.1455191574
681 747.9290596597 57.9930832297
682 747.9747307134 57.5445736513
683 748.0209242056 57.1270411924
684 748.0711354067 57.0061566121
685 748.1182178954 56.7124389510
686 748.1614694421 56.1895392489
687 748.2083105256 55.9382861176
688 748.2563788050 55.7969386269
689 748.2994675132 55.3520812641
690 748.3420951854 54.9396583285
691 748.3877184475 54.7933558593
692 748.4307118772 54.4894644111
693 748.4708409112 54.0270908346
694 748.5131959618 53.8095167686
695 748.5547966452 53.6123400242
696 748.5922844973 53.1590031150
697 748.6308022097 52.8374679746
698 748.6709954333 52.7260746961
699 748.7068907928 52.3786626274
700 748.7405950838 51.9378037355
701 748.7772273193 51.7896160068
702 748.8124342367 51.6104839253
703 748.8431109565 51.1772873128
704 748.8745332791 50.9026921510
705 748.9070702948 50.7968346854
706 748.9358909559 50.4743484050
707 748.9630796775 50.1279986672
708 748.9916312945 50.0083124468
709 749.0178218281 49.7894072287
710 749.0411948190 49.4243099030
711 749.0657836137 49.2652590634
712 749.0894849145 49.1505341622
713 749.1092339612 48.8121095044
714 749.1289699183 48.5633207953
715 749.1499345366 48.5124343314
716 749.1675966207 48.2934856642
717 749.1828113719 47.9802146135
718 749.1994730667 47.8841075109
719 749.2151234067 47.7862115241
720 749.2275248929 47.5120743441
721 749.2398841068 47.3474530472
722 749.2524265668 47.2963532586
723 749.2622678815 47.0974398846
724 749.2709613167 46.8981329905
725 749.2801883232 46.8568429423
726 749.2873441273 46.7341260895
727 749.2924573475 46.5159282339
728 749.2983392041 46.4531978402
729 749.3034022145 46.4191575638
730 749.3055605991 46.2269791647
731 749.3074758236 46.1014441728
732 749.3099125668 46.1140114302
733 749.3098748332 46.0062591465
734 749.3080594699 45.8357499924
735 749.3070622342 45.8180650965
736 749.3053028281 45.7902775022
737 749.3016408035 45.6469412748
738 749.2982192480 45.6007259073
739 749.2946210453 45.6182951987
740 749.2889011011 45.5155876596
741 749.2825181892 45.4419191476
742 749.2762181547 45.4752098249
743 749.2681007524 45.4091805778
744 749.2591763637 45.3033498130
745 749.2515056086 45.3404295831
746 749.2432710748 45.3545877631
747 749.2334115543 45.2645937405
748 749.2238042371 45.2736982290
749 749.2137222373 45.3287949592
750 749.2013250082 45.2614974490
751 749.1882875475 45.2181101593
752 749.1758137355 45.2687824941
753 749.1625689116 45.2529348477
754 749.1489420195 45.2194388427
755 749.1358517017 45.2741546571
756 749.1219160718 45.2937331814
757 749.1067567466 45.2601697608
758 749.0915750797 45.2918270495
759 749.0759190038 45.3252155086
760 749.0593272273 45.3002654520
761 749.0430083934 45.3200980540
762 749.0269464586 45.3813768105
763 749.0099453813 45.3911530013
764 748.9923940052 45.3899249605
765 748.9751343906 45.4316845578
766 748.9577599629 45.4665333342
767 748.9400985837 45.4788003962
768 748.9227031554 45.5147971797
769 748.9053979544 45.5685673594
770 748.8875542657 45.5987791266
771 748.8693643826 45.6204557513
772 748.8512609893 45.6666511355
773 748.8330382026 45.7098619377
774 748.8146827172 45.7349087082
775 748.7965726499 45.7863480675
776 748.7783369249 45.8462479944
777 748.7595787664 45.8663530436
778 748.7409659666 45.9038378964
779 748.7226067141 45.9755023723
780 748.7038239148 46.0029055701
781 748.6851116995 46.0302186189
782 748.6668369289 46.1132481692
783 748.6479860962 46.1552645090
784 748.6287064483 46.1642242508
785 748.6099712532 46.2352792560
786 748.5911597901 46.2930602733
787 748.5719779882 46.3066772975
788 748.5532181092 46.3724444939
789 748.5343845516 46.4352950059
790 748.5150944560 46.4444118898
791 748.4963107417 46.5006800009
792 748.4777976775 46.5728133589
793 748.4589042934 46.5878386236
794 748.4404008891 46.6364339863
795 748.4222205682 46.7120232632
796 748.4036230521 46.7309120252
797 748.3853153866 46.7696846452
798 748.3675231421 46.8456201974
799 748.3494796928 46.8746288826
800 748.3315711937 46.9118616364
801 748.3140507178 46.9838242979
802 748.2962954831 47.0146012363
803 748.2786664031 47.0498316708
804 748.2614609479 47.1206069706
805 748.2440725568 47.1556820914
806 748.2267125035 47.1917826966
807 748.2096185730 47.2598291726
808 748.1922600196 47.2931418152
809 748.1749053247 47.3270015679
810 748.1578228760 47.3950728295
811 748.1404285968 47.4316737469
812 748.1228501775 47.4651153494
813 748.1053326512 47.5278779553
814 748.0874326721 47.5605857323
815 748.0693663765 47.5953292249
816 748.0512812191 47.6610519794
817 748.0326009261 47.6912585220
818 748.0135799888 47.7208018389
819 747.9944689436 47.7860844955
820 747.9746769660 47.8164849874
821 747.9544314938 47.8441939908
822 747.9339826693 47.9098151984
823 747.9126814795 47.9389162639
824 747.8907642592 47.9635077049
825 747.8685457011 48.0303448925
826 747.8453271274 48.0594306159
827 747.8213200342 48.0811544699
828 747.7968817389 48.1506373903
829 747.7712262358 48.1818771577
830 747.7445131146 48.1990549782
831 747.7172319268 48.2678590772
832 747.6886240297 48.3042310037
833 747.6587186160 48.3237312944
834 747.6279478526 48.3931355358
835 747.5955529128 48.4311946321
836 747.5615613568 48.4524350100
837 747.5264133840 48.5257533480
838 747.4892907212 48.5674911278
839 747.4501867901 48.5878139254
840 747.4096666228 48.6624034601
841 747.3669809938 48.7116990219
842 747.3220043810 48.7385517716
843 747.2751910526 48.8197310344
844 747.2256798422 48.8806664916
845 747.1731374643 48.9151630630
846 747.1179667587 48.9954831845
847 747.0595333868 49.0567515347
848 746.9977572262 49.0957272011
849 746.9331900673 49.1827368453
850 746.8652377107 49.2562533398
851 746.7936593170 49.3138713256
852 746.7186232789 49.4239662146
853 746.6390257239 49.5186018031
854 746.5542729292 49.5838498874
855 746.4647079720 49.6908101739
856 746.3698340322 49.7851432772
857 746.2696513987 49.8553572466
858 746.1648882196 49.9754004150
859 746.0550629592 50.1008043023
860 745.9395582050 50.2148054308
861 745.8180668359 50.3710510570
862 745.6893704045 50.5130109091
863 745.5529033333 50.6305707721
864 745.4090190050 50.7911811853
865 745.2572561057 50.9425510047
866 745.0976233320 51.0769242723
867 744.9306823903 51.2717706442
868 744.7555301397 51.4719128596
869 744.5712662540 51.6480131455
870 744.3778383977 51.8654467233
871 744.1744738454 52.0804002896
872 743.9607957038 52.2791569811
873 743.7370857038 52.5279125495
874 743.5025715536 52.7797213830
875 743.2566355716 53.0239162405
876 742.9990919424 53.3174275990
877 742.7288342312 53.5967412000
878 742.4455896634 53.8575340390
879 742.1499793158 54.1786345489
880 741.8413311738 54.5056519230
881 741.5190357706 54.8221543625
882 741.1830264880 55.1911894212
883 740.8321838303 55.5621064212
884 740.4657318435 55.9217157307
885 740.0836734895 56.3212301787
886 739.6854069212 56.7217073986
887 739.2706559742 57.1327313431
888 738.8391590816 57.5918289250
889 738.3896929640 58.0395899543
890 737.9218254419 58.4886992030
891 737.4356256380 58.9841959957
892 736.9303078984 59.4721420987
893 736.4057110468 59.9652738774
894 735.8619336069 60.5093225563
895 735.2979038360 61.0568777487
896 734.7128175695 61.6039964392
897 734.1064487483 62.1772639384
898 733.4783182984 62.7530252161
899 732.8282986132 63.3487794560
900 732.1560372787 63.9753506020
901 731.4605836661 64.5960420990
902 730.7416335931 65.2310000222
903 729.9989493504 65.8942994435
904 729.2318401977 66.5482046783
905 728.4404147587 67.2131209280
906 727.6248228807 67.9161993703
907 726.7841902382 68.6203907952
908 725.9179801908 69.3207856266
909 725.0262636975 70.0423850633
910 724.1087817364 70.7723820465
911 723.1653228629 71.5069964088
912 722.1957693306 72.2567526062
913 721.1997311018 73.0100359264
914 720.1769973486 73.7710509139
915 719.1273105541 74.5438088868
916 718.0502950703 75.3050659196
917 716.9463179792 76.0712891690
918 715.8156334033 76.8644026306
919 714.6575454187 77.6471733513
920 713.4719240591 78.4170535487
921 712.2592657434 79.2048694332
922 711.0194820096 79.9880663797
923 709.7526570085 80.7609318197
924 708.4591891017 81.5449116780
925 707.1389981043 82.3229440658
926 705.7921017606 83.0930158078
927 704.4187049179 83.8603986122
928 703.0190992553 84.6112333447
929 701.5939995561 85.3678255805
930 700.1434878492 86.1270418206
931 698.6672808123 86.8529935233
932 697.1662213662 87.5746793999
933 695.6410051914 88.3033038964
934 694.0916235765 89.0032054937
935 692.5187924806 89.6924446577
936 690.9232337053 90.3806421293
937 689.3051677544 91.0457546752
938 687.6651973157 91.6979608056
939 686.0040065331 92.3326549203
940 684.3224204931 92.9471824755
941 682.6213228922 93.5596019975
942 680.9009728338 94.1448378378
943 679.1621500313 94.7006114188
944 677.4061898698 95.2587734552
945 675.6334911421 95.7937626695
946 673.8445741210 96.2940591468
947 672.0406546933 96.7878132788
948 670.2223068556 97.2601691408
949 668.3900157651 97.6970483897
950 666.5449939869 98.1108661738
951 664.6885873238 98.5051542544
952 662.8218710166 98.8856181208
953 660.9454813161 99.2427709063
954 659.0601584391 99.5675249493
955 657.1670712375 99.8787140959
956 655.2668411986 100.1676368793
957 653.3598610084 100.4132709092
958 651.4473614644 100.6305783138
959 649.5307423355 100.8263920260
960 647.6111221900 100.9925457587
961 645.6898670661 101.1354392529
962 643.7683502879 101.2646375637
963 641.8472756335 101.3788513263
964 639.9268159008 101.4603667770
965 638.0075676508 101.5032441459
966 636.0906919570 101.5234160231
967 634.1771085079 101.5145538073
968 632.2677956364 101.4675387663
969 630.3643041180 101.4007181376
970 628.4679729458 101.3205809118
971 626.5794983476 101.2174574518
972 624.6994893874 101.0855516270
973 622.8289073450 100.9277028026
974 620.9687426802 100.7535529501
975 619.1195773064 100.5527033894
976 617.2822638837 100.3199787739
977 615.4580633237 100.0786125197
978 613.6474823761 99.8204319406
979 611.8507211773 99.5244450398
980 610.0687407545 99.2060350210
981 608.3026065369 98.8703182493
982 606.5531544125 98.5111465938
983 604.8213650361 98.1366976788
984 603.1081703291 97.7509287755
985 601.4141436807 97.3574268155
986 599.7393926662 96.9457185273
987 598.0842526498 96.5043579812
988 596.4496872588 96.0569785050
989 594.8361766048 95.6037934624
990 593.2438277061 95.1229288076
991 591.6733709639 94.6341496077
992 590.1253105236 94.1439930738
993 588.5996006822 93.6315822106
994 587.0966262943 93.1021949582
995 585.6171618994 92.5651502767
996 584.1618767673 92.0264899437
997 582.7310545443 91.4875989015
998 581.3247621348 90.9370774149
999 579.9433200741 90.3862429931
1000 578.5867895652 89.8369611164
1001 577.2550272113 89.2689627296
1002 575.9485456310 88.7019663036
1003 574.6676695282 88.1484817999
1004 573.4120148558 87.5846477865
1005 572.1815347133 87.0154515198
1006 570.9764303446 86.4507979571
1007 569.7966611688 85.8820517574
1008 568.6423081865 85.3116381301
1009 567.5136681284 84.7450197425
1010 566.4109607519 84.1913821843
1011 565.3339499083 83.6471211798
1012 564.2822857889 83.0946575117
1013 563.2561967029 82.5503019710
1014 562.2558290328 82.0256576511
1015 561.2808504422 81.5024639370
1016 560.3311800879 80.9890140551
1017 559.4067424256 80.4940125834
1018 558.5070872409 80.0039777986
1019 557.6318997868 79.5182890061
1020 556.7811933072 79.0408223741
1021 555.9550798866 78.5813081274
1022 555.1533168935 78.1416695711
1023 554.3754169287 77.7027810504
1024 553.6213858797 77.2762730233
1025 552.8912502673 76.8755242960
1026 552.1846367824 76.4785770474
1027 551.5015949823 76.0965184779
1028 550.8422221561 75.7490116681
1029 550.2059688961 75.4135970425
1030 549.5924842476 75.0862571418
1031 549.0018440216 74.7840172885
1032 548.4338687214 74.5041247883
1033 547.8882107870 74.2410014419
1034 547.3646832721 73.9969892381
1035 546.8631133629 73.7766995161
1036 546.3831435330 73.5758223807
1037 545.9244816235 73.3864884902
1038 545.4871532843 73.2194738445
1039 545.0711167215 73.0808435995
1040 544.6760696662 72.9607867452
1041 544.3017867602 72.8599847167
1042 543.9481715840 72.7815791227
1043 543.6151301053 72.7247283771
1044 543.3025715227 72.6910626596
1045 543.0104404261 72.6823745612
1046 542.7386109838 72.7025803976
1047 542.4867228321 72.7428437441
1048 542.2546010043 72.7971062971
1049 542.0424471714 72.8845225538
1050 541.8501065846 73.0026592538
1051 541.6771770848 73.1342846640
1052 541.5236371679 73.2926659443
1053 541.3893789119 73.4796979243
1054 541.2740936401 73.6808120671
1055 541.1777995339 73.9039763746
1056 541.1005843255 74.1554730540
1057 541.0422956224 74.4301071377
1058 541.0027858890 74.7239633253
1059 540.9821603154 75.0376792690
1060 540.9806409675 75.3836469669
1061 540.9980841503 75.7584915059
1062 541.0341610292 76.1462027964
1063 541.0888975453 76.5551125894
1064 541.1623590375 76.9886716219
1065 541.2544836275 77.4365835248
1066 541.3654384684 77.9047500974
1067 541.4955158752 78.3979581207
1068 541.6449536740 78.9178214011
1069 541.8138122223 79.4673190978
1070 542.0018972946 80.0361038312
1071 542.2090896377 80.6225231200
1072 542.4353202828 81.2295715373
1073 542.6804335960 81.8455272770
1074 542.9445794156 82.4726386652
1075 543.2281398103 83.1193804858
1076 543.5314694847 83.7825784358
1077 543.8550209688 84.4707077092
1078 544.1989985365 85.1868686800
1079 544.5632168279 85.9174166719
1080 544.9476176077 86.6622854489
1081 545.3522287203 87.4227008087
1082 545.7770429909 88.1904819430
1083 546.2223485943 88.9718955335
1084 546.6884613314 89.7740644859
1085 547.1753545272 90.5880993798
1086 547.6830539702 91.4108795021
1087 548.2117940892 92.2479350911
1088 548.7616900935 93.0967445196
1089 549.3328281969 93.9533084725
1090 549.9255106460 94.8206871132
1091 550.5401335728 95.7040024551
1092 551.1768967560 96.6067007860
1093 551.8355651791 97.5214176128
1094 552.5157637062 98.4361981001
1095 553.2174943833 99.3554625689
1096 553.9408616770 100.2815979994
1097 554.6859114269 101.2054386549
1098 555.4530398405 102.1366601846
1099 556.2425158551 103.0825764900
1100 557.0541179753 104.0266232209
1101 557.8879119820 104.9694386576
1102 558.7441952214 105.9206244550
1103 559.6229755949 106.8707604532
1104 560.5244209483 107.8207926378
1105 561.4488639258 108.7791967841
1106 562.3962925903 109.7417388411
1107 563.3663923639 110.7051916011
1108 564.3586984683 111.6617405508
1109 565.3729999180 112.6047516374
1110 566.4095879013 113.5452878719
1111 567.4686057743 114.4860029822
1112 568.5498436787 115.4183530924
1113 569.6531802853 116.3440260193
1114 570.7785150906 117.2628819191
1115 571.9256771307 118.1711668256
1116 573.0945745148 119.0689754446
1117 574.2852626626 119.9565404467
1118 575.4978995808 120.8409603325
1119 576.7322446334 121.7233098018
1120 577.9875594786 122.5900831076
1121 579.2633443018 123.4408115277
1122 580.5593071341 124.2809522102
1123 581.8749865177 125.1025967015
1124 583.2101743474 125.9085008106
1125 584.5646996471 126.7079266413
1126 585.9377759467 127.4905887756
1127 587.3285960886 128.2472085084
1128 588.7369319025 128.9844368375
1129 590.1626707492 129.7057150392
1130 591.6055489191 130.4096479782
1131 593.0652675641 131.0981787019
1132 594.5413637874 131.7707711171
1133 596.0331805189 132.4238329681
1134 597.5400599792 133.0547831547
1135 599.0615253708 133.6622712857
1136 600.5973479782 134.2507563357
1137 602.1471522618 134.8255608868
1138 603.7099902311 135.3794002633
1139 605.2848153369 135.9029571378
1140 606.8710647191 136.4000482462
1141 608.4683173960 136.8742878158
1142 610.0760015205 137.3214592186
1143 611.6936825157 137.7436285577
1144 613.3208765176 138.1455336264
1145 614.9566658180 138.5191997819
1146 616.6002707987 138.8579419287
1147 618.2515131689 139.1713322153
1148 619.9101194901 139.4639030311
1149 621.5754140837 139.7293948991
1150 623.2467281768 139.9701543951
1151 624.9232241118 140.1855230637
1152 626.6039535940 140.3680604211
1153 628.2883262307 140.5227887008
1154 629.9757774912 140.6523445312
1155 631.6655942034 140.7547736888
1156 633.3569187281 140.8358882989
1157 635.0483489655 140.8842863472
1158 636.7388524479 140.8906285893
1159 638.4283835862 140.8762094178
1160 640.1163273186 140.8418591048
1161 641.8014334657 140.7707125419
1162 643.4830661408 140.6737844672
1163 645.1605446487 140.5524909753
1164 646.8329902521 140.3956398267
1165 648.5000750828 140.2157766288
1166 650.1613077819 140.0151378385
1167 651.8159093427 139.7858002706
1168 653.4632973749 139.5371240498
1169 655.1025120546 139.2624967210
1170 656.7327521754 138.9535779869
1171 658.3539713286 138.6292356181
1172 659.9655792107 138.2879177923
1173 661.5665018791 137.9156926388
1174 663.1561563327 137.5244082834
1175 664.7337570478 137.1089342627
1176 666.2987029133 136.6578888891
1177 667.8512625182 136.1964649492
1178 669.3908278309 135.7241308254
1179 670.9160640020 135.2117463007
1180 672.4269756112 134.6772959481
1181 673.9236437385 134.1357653264
1182 675.4051722065 133.5618614970
1183 676.8714998660 132.9655700848
1184 678.3228271166 132.3663426276
1185 679.7582228852 131.7409420231
1186 681.1772014403 131.0878276775
1187 682.5800596924 130.4265296761
1188 683.9665546657 129.7485497428
1189 685.3363047795 129.0548492514
1190 686.6888959105 128.3519958383
1191 688.0236165384 127.6237249300
1192 689.3404261786 126.8784306377
1193 690.6393951862 126.1324883329
1194 691.9197677335 125.3656730045
1195 693.1813205192 124.5811343901
1196 694.4241357254 123.8004830038
1197 695.6472570968 122.9983956279
1198 696.8504339407 122.1696615046
1199 698.0345061932 121.3519149604
1200 699.1989895099 120.5302498127
1201 700.3430364948 119.6810956482
1202 701.4670443403 118.8330884689
1203 702.5710168523 117.9823300631
1204 703.6547701302 117.1129224520
1205 704.7188248607 116.2547795517
1206 705.7627424809 115.3959445643
1207 706.7860171496 114.5103159964
1208 707.7895940464 113.6365608134
1209 708.7735352670 112.7732899388
1210 709.7371870228 111.8858796411
1211 710.6813148398 111.0093574618
1212 711.6060800567 110.1491399057
1213 712.5106547701 109.2632465440
1214 713.3957264603 108.3801574893
1215 714.2620245037 107.5200746269
1216 715.1090240518 106.6477865883
1217 715.9368374634 105.7761383054
1218 716.7457588463 104.9159715772
1219 717.5357119683 104.0408168593
1220 718.3074643655 103.1762750948
1221 719.0612738714 102.3320657976
1222 719.7965646816 101.4666722817
1223 720.5141049176 100.6052337089
1224 721.2145970008 99.7709260588
1225 721.8975256958 98.9192624412
1226 722.5635207904 98.0692436248
1227 723.2134048363 97.2510298751
1228 723.8466393154 96.4190177095
1229 724.4635947530 95.5849819503
1230 725.0651023614 94.7809450068
1231 725.6509390437 93.9672882667
1232 726.2215663222 93.1618046740
1233 726.7772843448 92.3879899269
1234 727.3174006387 91.5869842415
1235 727.8429975259 90.7922572301
1236 728.3550785349 90.0565803179
1237 728.8522028023 89.2957380732
1238 729.3346883057 88.5141629836
1239 729.8043241555 87.7974354901
1240 730.2602287325 87.0783084198
1241 730.7020395084 86.3277601910
1242 731.1314715890 85.6325009720
1243 731.5482973423 84.9531190863
1244 731.9518711298 84.2460503237
1245 732.3433073137 83.5758669981
1246 732.7228903970 82.9204824594
1247 733.0906657192 82.2581456368
1248 733.4472478199 81.6379246017
1249 733.7921713456 81.0104421162
1250 734.1259517527 80.3694633104
1251 734.4499868727 79.7933023967
1252 734.7634293960 79.2136565513
1253 735.0661605488 78.6012118370
1254 735.3599201189 78.0528212064
1255 735.6443644593 77.5127253188
1256 735.9191949556 76.9413303972
1257 736.1857830643 76.4296623832
1258 736.4437900478 75.9209981266
1259 736.6931829913 75.3827655047
1260 736.9353363353 74.9119852726
1261 737.1695934233 74.4381860902
1262 737.3959598902 73.9284288692
1263 737.6160436879 73.4992162766
1264 737.8287563058 73.0648531690
1265 738.0337597450 72.5709260587
1266 738.2333457099 72.1664909023
1267 738.4266739979 71.7826275175
1268 738.6124488726 71.3201132269
1269 738.7928114546 70.9214550263
1270 738.9679267804 70.5650065473
1271 739.1364903088 70.1458277410
1272 739.2998458400 69.7676706595
1273 739.4584418076 69.4273590021
1274 739.6115063119 69.0466395176
1275 739.7598418882 68.7017739745
1276 739.9035741526 68.3739418301
1277 740.0426115961 68.0169401944
1278 740.1779414733 67.7147969754
1279 740.3089959297 67.4162340650
1280 740.4355934123 67.0733047982
1281 740.5593283574 66.8013871022
1282 740.6795090783 66.5463715114
1283 740.7951720361 66.2284955730
1284 740.9079186198 65.9666584001
1285 741.0177487167 65.7377450840
1286 741.1236356962 65.4569853459
1287 741.2265398100 65.2119981629
1288 741.3266929493 64.9865169351
1289 741.4238687879 64.7301360002
1290 741.5188221429 64.5252044088
1291 741.6108891731 64.3175456726
1292 741.6999762884 64.0606643368
1293 741.7876920483 63.8791775036
1294 741.8731037370 63.7080316830
1295 741.9553376068 63.4528400345
1296 742.0367075383 63.2684364751
1297 742.1171300771 63.1409426389
1298 742.1946416897 62.9227942993
1299 742.2706783823 62.7258081422
1300 742.3462740233 62.6023909323
1301 742.4199796866 62.4268104733
1302 742.4921203135 62.2476982772
1303 742.5634945619 62.1162161735
1304 742.6335069479 61.9533680817
1305 742.7024365729 61.8002951805
1306 742.7703403827 61.6781867378
1307 742.8365913948 61.5118664222
1308 742.9019895294 61.3634149463
1309 742.9667134474 61.2539607856
1310 743.0299219991 61.0913957064
1311 743.0925173604 60.9434577121
1312 743.1548959097 60.8444169196
1313 743.2160846278 60.6932825709
1314 743.2767534477 60.5541226018
1315 743.3371896416 60.4602162040
1316 743.3965371744 60.3046196960
1317 743.4558954442 60.1692091069
1318 743.5156932014 60.0959321141
1319 743.5745831896 59.9578779963
1320 743.6331408976 59.8301111157
1321 743.6917648775 59.7529578027
1322 743.7496539257 59.6117096724
1323 743.8076850875 59.5061901784
1324 743.8655767708 59.4419425753
1325 743.9223524407 59.2807708307
1326 743.9798230599 59.1851495791
1327 744.0373924633 59.1564885670
1328 744.0927717587 58.9807654736
1329 744.1483717018 58.8517315830
1330 744.2050573576 58.8388590948
1331 744.2600320860 58.6904001390
1332 744.3145483366 58.5463187166
1333 744.3700630515 58.5116516210
1334 744.4246574429 58.3885459058
1335 744.4785607084 58.2692258581
1336 744.5323997165 58.1954390811
1337 744.5858974292 58.0471911955
1338 744.6403220227 57.9772822944
1339 744.6945552854 57.9302431094
1340 744.7473253327 57.7515491779
1341 744.8011716012 57.6762336323
1342 744.8555424865 57.6559002046
1343 744.9082746755 57.4889633447
1344 744.9615341818 57.3985592857
1345 745.0157077291 57.3672783842
1346 745.0691959795 57.2429673564
1347 745.1225543372 57.1928814975
1348 745.1748536845 57.1172771621
1349 745.2262852192 56.9560277389
1350 745.2789938751 56.9475717638
1351 745.3307780564 56.9003017877
1352 745.3806756957 56.7266277210
1353 745.4312820537 56.7102152189
1354 745.4809476981 56.6626186724
1355 745.5287466209 56.4982852695
1356 745.5770585227 56.4753713231
1357 745.6247575593 56.4078303019
1358 745.6716562717 56.2757047991
1359 745.7190404312 56.2891818504
1360 745.7645960031 56.1927467147
1361 745.8092536756 56.0392876884
1362 745.8555214126 56.0737186142
1363 745.9006534551 56.0018810225
1364 745.9446508359 55.8598441572
1365 745.9899508327 55.8810844023
1366 746.0345768854 55.8313239465
1367 746.0777539917 55.7441311842
1368 746.1204194698 55.7196421092
1369 746.1627264283 55.6107696494
1370 746.2062620749 55.6108331030
1371 746.2491312552 55.6617843751
1372 746.2887394172 55.4989413393
1373 746.3288015300 55.4500383980
1374 746.3699213314 55.5294353841
1375 746.4086067582 55.4264496215
1376 746.4463345417 55.3789885563
1377 746.4840920623 55.4042318245
1378 746.5204666315 55.3367433286
1379 746.5557701422 55.3461008541
1380 746.5893656879 55.2935750591
1381 746.6227700388 55.1880578648
1382 746.6579339865 55.3019682350
1383 746.6906404057 55.3037293522
1384 746.7201532083 55.1515240797
1385 746.7505070719 55.2211831424
1386 746.7798136544 55.2414365927
1387 746.8068927723 55.1370552939
1388 746.8345970466 55.1799283423
1389 746.8624076414 55.1898328639
1390 746.8894186115 55.1942329131
1391 746.9149952192 55.2508422262
1392 746.9385977229 55.1555031424
1393 746.9634794590 55.1917987819
1394 746.9886200489 55.3604933026
1395 747.0096047474 55.2721206645
1396 747.0296089269 55.2378977948
1397 747.0512429323 55.3676642062
1398 747.0719712297 55.3649360652
1399 747.0918558515 55.4157018065
1400 747.1108552054 55.4777675193
1401 747.1289407223 55.4675458551
1402 747.1467070644 55.6269093419
1403 747.1608685037 55.6506922347
1404 747.1730326378 55.5338770530
1405 747.1883062095 55.7375052711
1406 747.2023581717 55.8780612272
1407 747.2120537419 55.8000342691
1408 747.2213409895 55.9049897111
1409 747.2303504852 55.9757877978
1410 747.2387127277 56.0088713582
1411 747.2467453249 56.1643115491
1412 747.2528837623 56.1588524263
1413 747.2592586401 56.2408015213
1414 747.2649836459 56.4506930959
1415 747.2669343926 56.3557610746
1416 747.2706822972 56.4107101990
1417 747.2770638612 56.7128583764
1418 747.2793940651 56.6934289108
1419 747.2801637081 56.6955831635
1420 747.2830898466 56.8748852853
1421 747.2862849932 56.9313933591
1422 747.2892436123 57.0875256410
1423 747.2903276106 57.1697456925
1424 747.2910509320 57.1446632690
1425 747.2941517194 57.4230947381
1426 747.2940538945 57.5138147093
1427 747.2917031395 57.3846909522
1428 747.2940991487 57.6768144593
1429 747.2955174079 57.8796692245
1430 747.2918495058 57.7994022575
1431 747.2886228112 57.9372691985
1432 747.2868141395 58.0363368823
1433 747.2859514586 58.1509472789
1434 747.2840870352 58.3807796807
1435 747.2783160179 58.3153145030
1436 747.2740236530 58.3987509492
1437 747.2713729653 58.6959927326
1438 747.2648922179 58.6097333896
1439 747.2600454979 58.6828060199
1440 747.2576568631 59.0024385347
1441 747.2508554813 58.9560112713
1442 747.2432311909 58.9859868150
1443 747.2381610903 59.1647647983
1444 747.2338001133 59.2005846412
1445 747.2298805297 59.4052369256
1446 747.2230829505 59.4537183423
1447 747.2159847979 59.3629584441
1448 747.2134459826 59.6695330010
1449 747.2086087947 59.7495410041
1450 747.2018106650 59.6051182636
1451 747.1999279906 59.9015330905
1452 747.1965510326 60.0201183474
1453 747.1895910880 59.8961933487
1454 747.1856867544 60.0546975882
1455 747.1840772102 60.1380686379
1456 747.1828318152 60.2458100802
1457 747.1792655753 60.3860485429
1458 747.1731134731 60.2047042525
1459 747.1726747395 60.3414036824
1460 747.1746663128 60.6530318764
1461 747.1708319548 60.4647967675
1462 747.1686148347 60.4910659816
1463 747.1697700230 60.7350792528
1464 747.1682288337 60.6263671731
1465 747.1676718437 60.6768894162
1466 747.1689589309 60.7956155213
1467 747.1697021960 60.7532135369
1468 747.1704762920 60.8877323717
1469 747.1691327696 60.8139921479
1470 747.1700567224 60.7224259087
1471 747.1755946186 61.0233774961
1472 747.1764602221 60.9516211473
1473 747.1754606096 60.7471637932
1474 747.1798191986 60.9776591104
1475 747.1831299552 60.9487792577
1476 747.1851937600 60.8265562131
1477 747.1898698066 60.9610879531
1478 747.1938200582 60.8898815875
1479 747.1975223038 60.8743058934
1480 747.2012394703 60.8854130290
1481 747.2060198511 60.7052728814
1482 747.2155689676 60.8849653472
1483 747.2221277484 60.9390303717
1484 747.2239234191 60.5609690099
1485 747.2325851019 60.6555182068
1486 747.2443521603 60.8147967216
1487 747.2515034260 60.5745267283
1488 747.2593170303 60.5520362745
1489 747.2690421731 60.5163026617
1490 747.2799357683 60.4087056404
1491 747.2919207727 60.4768529677
1492 747.3021397930 60.2839256333
1493 747.3145975985 60.2044500322
1494 747.3283391675 60.3515143478
1495 747.3371971858 60.0405159508
1496 747.3489679367 59.8978962385
1497 747.3656065113 60.1036028972
1498 747.3777038706 59.8726169431
1499 747.3887629770 59.6851778234
1500 747.4032047342 59.7177588160
1501 747.4178912077 59.5601384625
1502 747.4326615609 59.5406951197
1503 747.4453783978 59.4311522044
1504 747.4573943656 59.1830304849
1505 747.4722014099 59.2509846950
1506 747.4849236225 59.0877158224
1507 747.4978042696 58.8122318397
1508 747.5150073018 58.9593182869
1509 747.5283895960 58.7949625872
1510 747.5393093426 58.4506081839
1511 747.5552997557 58.5122124810
1512 747.5713020378 58.4296691095
1513 747.5840079522 58.2357922251
1514 747.5955662516 58.1076724511
1515 747.6083155670 57.8621493170
1516 747.6247383087 57.8829619912
1517 747.6389710471 57.8267012802
1518 747.6494608721 57.4290711508
1519 747.6640683152 57.4254385259
1520 747.6787765238 57.4096522948
1521 747.6897581656 57.0275864045
1522 747.7039595989 56.9844199337
1523 747.7190451456 56.9581539557
1524 747.7305015912 56.6857013557
1525 747.7414829107 56.5607810643
1526 747.7532910523 56.3711722329
1527 747.7666839789 56.2679692681
1528 747.7786604203 56.2449742036
1529 747.7865496761 55.8706148483
1530 747.7974600676 55.7352363222
1531 747.8105256768 55.8150653872
1532 747.8188650765 55.4757545912
1533 747.8273957859 55.3112663545
1534 747.8370713134 55.3180495614
1535 747.8436298649 55.0152166910
1536 747.8507000605 54.8913494641
1537 747.8583148448 54.8296811402
1538 747.8638062487 54.6079808625
1539 747.8680565193 54.5248300648
1540 747.8706713085 54.2879682985
1541 747.8748980528 54.1106477190
1542 747.8802077979 54.2017993346
1543 747.8800727045 53.8968827012
1544 747.8797616095 53.6147653446
1545 747.8835125122 53.7377983625
1546 747.8838356395 53.5426375695
1547 747.8813914926 53.2887853608
1548 747.8802138416 53.2709534673
1549 747.8780082586 53.0915609026
1550 747.8749387628 52.9779223215
1551 747.8709552205 52.8753341007
1552 747.8663026482 52.6746203945
1553 747.8619359225 52.6934749760
1554 747.8541800781 52.5170545586
1555 747.8457817300 52.2271390786
1556 747.8412432919 52.3500816655
1557 747.8336698465 52.2679550416
1558 747.8219421220 51.9522040498
1559 747.8123114121 51.9574614083
1560 747.8027746327 51.8947602579
1561 747.7912954687 51.7460960687
1562 747.7788984746 51.7093301514
1563 747.7651544054 51.5513179372
1564 747.7514885531 51.4914904888
1565 747.7369975135 51.4623147606
1566 747.7208918716 51.2749724522
1567 747.7055573777 51.2851673972
1568 747.6886004566 51.2446087093
1569 747.6696583578 51.0231946329
1570 747.6526914531 51.0664200896
1571 747.6347140265 51.0687093557
1572 747.6135714789 50.8840601315
1573 747.5927432615 50.8605894965
1574 747.5722194220 50.8374556679
1575 747.5504599197 50.7967824756
1576 747.5266737209 50.7666932580
1577 747.5014430992 50.6327580070
1578 747.4771484873 50.6667732651
1579 747.4514528832 50.6996265215
1580 747.4229086492 50.5334318413
1581 747.3951210878 50.5763608374
1582 747.3663857623 50.6249072379
1583 747.3348769722 50.4831472494
1584 747.3038526808 50.5261838526
1585 747.2722522268 50.5708163635
1586 747.2381687300 50.5050377465
1587 747.2029866530 50.5199992650
1588 747.1674315140 50.4863982196
1589 747.1322782511 50.5439891987
1590 747.0953679484 50.6401364851
1591 747.0549980813 50.5137552787
1592 747.0153160315 50.5453100661
1593 746.9760617952 50.6861776804
1594 746.9340217941 50.6093460530
1595 746.8914605367 50.6544102930
1596 746.8483589259 50.7367917487
1597 746.8037218453 50.6777443286
1598 746.7597534922 50.7815490782
1599 746.7151400884 50.8581106779
1600 746.6688565368 50.8473212365
1601 746.6218838447 50.9634455946
1602 746.5730781601 50.9557107176
1603 746.5240687821 50.9653523183
1604 746.4753860832 51.1386143910
1605 746.4240875427 51.1107029580
1606 746.3725452515 51.1227441364
1607 746.3220505066 51.3199242617
1608 746.2692159921 51.3262881140
1609 746.2154860868 51.3581189896
1610 746.1621465139 51.5201004782
1611 746.1068883320 51.5462997567
1612 746.0504322095 51.6002467505
1613 745.9936722683 51.6964172467
1614 745.9364003979 51.7383559334
1615 745.8791046147 51.8608884294
1616 745.8208376731 51.9382656049
1617 745.7620010053 51.9815726837
1618 745.7033870552 52.1377090278
1619 745.6432243992 52.2043440193
1620 745.5823822818 52.2360151683
1621 745.5224452677 52.4066757487
1622 745.4610526183 52.5145470883
1623 745.3975753382 52.5435475879
1624 745.3342292913 52.6420483981
1625 745.2712349154 52.7701596297
1626 745.2071621216 52.8805778188
1627 745.1415254768 52.9506630315
1628 745.0755735506 53.0338238973
1629 745.0099214451 53.1763667414
1630 744.9434634848 53.2876563615
1631 744.8760258741 53.3906848617
1632 744.8076849031 53.5256233094
1633 744.7377392888 53.6171656911
1634 744.6668365765 53.7037055371
1635 744.5958433270 53.8368180408
1636 744.5238750467 53.9764682255
1637 744.4498147604 54.0722925996
1638 744.3745667196 54.1367808997
1639 744.2997451541 54.2865801910
1640 744.2239901222 54.4434024389
1641 744.1461098643 54.4925629491
1642 744.0680910679 54.6289034033
1643 743.9893469178 54.8037182732
1644 743.9083488266 54.8486334771
1645 743.8271624366 54.9837617564
1646 743.7452103979 55.1676627562
1647 743.6603545267 55.2153491949
1648 743.5743738750 55.3220757229
1649 743.4878512881 55.4704356558
1650 743.3997231947 55.5589106613
1651 743.3101872821 55.7009875895
1652 743.2186424996 55.8025736956
1653 743.1255348441 55.8875542279
1654 743.0313332442 56.0592604993
1655 742.9345863932 56.1430569133
1656 742.8362660871 56.2424953340
1657 742.7364599551 56.4472992058
1658 742.6325851447 56.5106114488
1659 742.5263370202 56.5807060124
1660 742.4191827073 56.7858645678
1661 742.3084151715 56.8832127401
1662 742.1941917331 56.9663211660
1663 742.0777103934 57.1243307506
1664 741.9581423588 57.2171433650
1665 741.8360173737 57.3419256451
1666 741.7112312457 57.4991801776
1667 741.5827722731 57.6007657609
1668 741.4509965693 57.7364765995
1669 741.3159273153 57.8583244976
1670 741.1779965003 57.9771810100
1671 741.0370073909 58.1727258319
1672 740.8908383984 58.2794996610
1673 740.7404564711 58.3518432752
1674 740.5876622338 58.5496186775
1675 740.4303879068 58.6875087293
1676 740.2682789887 58.7746890041
1677 740.1026199881 58.9584872416
1678 739.9320399669 59.0838751329
1679 739.7569085643 59.1732607955
1680 739.5786472990 59.3713302742
1681 739.3952898279 59.5281787246
1682 739.2061179002 59.6234327583
1683 739.0127859384 59.7930275053
1684 738.8148112736 59.9597382887
1685 738.6113253375 60.0963802397
1686 738.4024730604 60.2704478599
1687 738.1877097217 60.4212903794
1688 737.9671756607 60.5633606597
1689 737.7412360649 60.7495335982
1690 737.5090424778 60.9076821192
1691 737.2705130767 61.0627550937
1692 737.0257365479 61.2501961885
1693 736.7742203569 61.3957597453
1694 736.5168075494 61.5705948532
1695 736.2532473749 61.8021622060
1696 735.9817124813 61.9605035974
1697 735.7029647695 62.1253838289
1698 735.4177550479 62.3628824994
1699 735.1245688108 62.5489180766
1700 734.8234001087 62.7390983241
1701 734.5143520104 62.9719981106
1702 734.1965336119 63.1486992609
1703 733.8709712913 63.3557270165
1704 733.5379012455 63.6204943144
1705 733.1956806311 63.8401158712
1706 732.8441685821 64.0683611304
1707 732.4835933490 64.3128124881
1708 732.1138115433 64.5388497277
1709 731.7349437367 64.7991086703
1710 731.3463113401 65.0433431257
1711 730.9480829647 65.2751872137
1712 730.5409940294 65.5581868919
1713 730.1246058202 65.8202396571
1714 729.6992112025 66.1082581891
1715 729.2640901057 66.4509452119
1716 728.8172095005 66.7044463796
1717 728.3598495578 66.9651013069
1718 727.8929078840 67.3127015859
1719 727.4142922426 67.5820609286
1720 726.9246895426 67.8445588766
1721 726.4254365998 68.1847692905
1722 725.9154762901 68.4792741376
1723 725.3951865880 68.7968482578
1724 724.8643045364 69.1671932369
1725 724.3210438925 69.4663471504
1726 723.7662518472 69.7793592483
1727 723.2005294498 70.1427497956
1728 722.6226278560 70.4628112453
1729 722.0327030560 70.7999781114
1730 721.4307978771 71.1571884463
1731 720.8165357710 71.4850521243
1732 720.1904539439 71.8476540972
1733 719.5520289395 72.2110075227
1734 718.9009491681 72.5490186131
1735 718.2380191146 72.9330243462
1736 717.5627971053 73.3108957656
1737 716.8751981203 73.6782119544
1738 716.1754321962 74.0989393615
1739 715.4619647193 74.4816350889
1740 714.7349511228 74.8289356548
1741 713.9959778909 75.2375064117
1742 713.2442918721 75.6317502126
1743 712.4796110697 75.9956296187
1744 711.7031434985 76.4016171001
1745 710.9148293995 76.8041256897
1746 710.1145883685 77.2052566376
1747 709.3024222890 77.6316727463
1748 708.4775936385 78.0260827923
1749 707.6406446415 78.4184898532
1750 706.7923825767 78.8453983320
1751 705.9322271867 79.2621106315
1752 705.0595676128 79.6752613645
1753 704.1740724156 80.0747525844
1754 703.2762516623 80.4520159164
1755 702.3671376236 80.8595624418
1756 701.4463190841 81.2592225448
1757 700.5138370363 81.6329880890
1758 699.5707644169 82.0474187695
1759 698.6166028712 82.4509786269
1760 697.6513701442 82.8286780180
1761 696.6759248244 83.2547521191
1762 695.6890543372 83.6578115212
1763 694.6906629342 84.0166842365
1764 693.6825313225 84.4268429207
1765 692.6640407092 84.8367382524
1766 691.6342366772 85.2059236219
1767 690.5938827490 85.5892316019
1768 689.5432175145 85.9556260096
1769 688.4828530514 86.3095088581
1770 687.4136622674 86.6901280086
1771 686.3353847567 87.0497505619
1772 685.2485450913 87.4028450506
1773 684.1538245560 87.7804612352
1774 683.0506870418 88.1334572439
1775 681.9393239991 88.4758835337
1776 680.8202758603 88.8271473844
1777 679.6936603822 89.1608014650
1778 678.5599176604 89.5031452578
1779 677.4186218544 89.8396410934
1780 676.2693751019 90.1372892044
1781 675.1132550869 90.4420839679
1782 673.9506597581 90.7444685357
1783 672.7816519579 91.0177369061
1784 671.6072338137 91.3073215826
1785 670.4274662518 91.5970187867
1786 669.2421573252 91.8590655499
1787 668.0521168520 92.1290012620
1788 666.8575142910 92.3965436949
1789 665.6582158640 92.6472888980
1790 664.4547085657 92.8990876019
1791 663.2473402974 93.1451380046
1792 662.0361283211 93.3914027405
1793 660.8205812678 93.6239909228
1794 659.6007059520 93.8181903175
1795 658.3779011634 94.0192536080
1796 657.1527708352 94.2303094649
1797 655.9250685791 94.4109981052
1798 654.6954833393 94.5911614990
1799 653.4644877618 94.7674316607
1800 652.2325535260 94.9191942250
1801 651.0007625643 95.0882068319
1802 649.7689969569 95.2515574752
1803 648.5372780275 95.3844119389
1804 647.3067530661 95.5395436476
1805 646.0770910501 95.6898083682
1806 644.8477666091 95.7996881574
1807 643.6197781620 95.9178140500
1808 642.3933975986 96.0302134685
1809 641.1686732678 96.1145547973
1810 639.9464347067 96.2093833484
1811 638.7265491001 96.2957101763
1812 637.5087933719 96.3501595261
1813 636.2941403155 96.3985341179
1814 635.0836041194 96.4432164244
1815 633.8778270529 96.4919619358
1816 632.6768550102 96.5419879554
1817 631.4806102846 96.5661525568
1818 630.2899696488 96.5927486808
1819 629.1053047062 96.6311445726
1820 627.9262214554 96.6442907889
1821 626.7533031701 96.6569814631
1822 625.5869138267 96.6788126089
1823 624.4267142990 96.6759435811
1824 623.2731496045 96.6690726561
1825 622.1265679998 96.6588953978
1826 620.9872431498 96.6253335175
1827 619.8561955400 96.6033839399
1828 618.7335732698 96.5831255057
1829 617.6192157780 96.5336014284
1830 616.5141750628 96.4904865997
1831 615.4190535735 96.4532685556
1832 614.3339381572 96.3971847109
1833 613.2596775937 96.3503213160
1834 612.1966921816 96.3160718804
1835 611.1446424829 96.2713500336
1836 610.1035779328 96.2193725936
1837 609.0739550527 96.1667889807
1838 608.0561305206 96.1192491386
1839 607.0500857677 96.0721970828
1840 606.0557721680 96.0185269787
1841 605.0732932998 95.9679127258
1842 604.1024798898 95.9085129413
1843 603.1436150249 95.8346697052
1844 602.1976417094 95.7746783498
1845 601.2647959732 95.7228597093
1846 600.3448962140 95.6620701760
1847 599.4382488481 95.6030332836
1848 598.5453159253 95.5450260484
1849 597.6666675649 95.4960882720
1850 596.8025386626 95.4628998278
1851 595.9527015726 95.4244772690
1852 595.1174778473 95.3923542190
1853 594.2970943086 95.3786509328
1854 593.4911211738 95.3562276191
1855 592.6997957291 95.3337394142
1856 591.9236288773 95.3304955731
1857 591.1623885055 95.3284797295
1858 590.4159248433 95.3232365163
1859 589.6845098751 95.3209277746
1860 588.9684732096 95.3227585602
1861 588.2680977725 95.3322110208
1862 587.5835982410 95.3432424839
1863 586.9153643013 95.3637112102
1864 586.2635850603 95.3977555876
1865 585.6281995025 95.4273017706
1866 585.0097242093 95.4665632537
1867 584.4085738668 95.5277968035
1868 583.8245379539 95.5922313560
1869 583.2576669334 95.6686316344
1870 582.7079318520 95.7570053873
1871 582.1751983451 95.8440209961
1872 581.6597857241 95.9526443841
1873 581.1614613363 96.0750899371
1874 580.6797829170 96.1900755219
1875 580.2150756910 96.3248272605
1876 579.7671984793 96.4733974628
1877 579.3357495704 96.6131823648
1878 578.9212083037 96.7685619202
1879 578.5238491113 96.9426158138
1880 578.1433774785 97.1214182156
1881 577.7797086993 97.3085339720
1882 577.4330653605 97.5006097699
1883 577.1039106565 97.7095876106
1884 576.7923030035 97.9370424259
1885 576.4980531581 98.1647999507
1886 576.2215393300 98.4136650810
1887 575.9626460065 98.6824935606
1888 575.7208855620 98.9422056990
1889 575.4967657107 99.2201526365
1890 575.2904816227 99.5236394714
1891 575.1015045000 99.8251811299
1892 574.9298173430 100.1407390592
1893 574.7752273638 100.4658271924
1894 574.6375563783 100.7850691929
1895 574.5173119896 101.1243972935
1896 574.4144677266 101.4764692722
1897 574.3286948638 101.8264346283
1898 574.2600822165 102.1885538730
1899 574.2086679919 102.5511872547
1900 574.1749058350 102.9224951662
1901 574.1590879808 103.3208344767
1902 574.1606054049 103.7151787712
1903 574.1795948773 104.1085298569
1904 574.2167333525 104.5290158137
1905 574.2717442096 104.9571113986
1906 574.3443546341 105.3890407391
1907 574.4346610971 105.8370057445
1908 574.5424834539 106.2918931672
1909 574.6675963742 106.7564272705
1910 574.8096889762 107.2261058440
1911 574.9686823792 107.6976958844
1912 575.1447469040 108.1873509949
1913 575.3374403594 108.6802646001
1914 575.5464456915 109.1675220096
1915 575.7720454420 109.6684249200
1916 576.0141853978 110.1743358897
1917 576.2727608798 110.6851032051
1918 576.5475850049 111.2077286419
1919 576.8381809968 111.7209816944
1920 577.1448796469 112.2365642574
1921 577.4681675935 112.7697150598
1922 577.8077815852 113.3002503137
1923 578.1636943433 113.8363841653
1924 578.5358794961 114.3817983575
1925 578.9240486536 114.9213750784
1926 579.3282511377 115.4708552796
1927 579.7482028235 116.0264850993
1928 580.1834350745 116.5737424716
1929 580.6339317461 117.1251413196
1930 581.0996368567 117.6737172003
1931 581.5806901619 118.2226066631
1932 582.0770691559 118.7830669907
1933 582.5881835989 119.3308271620
1934 583.1141404911 119.8773202631
1935 583.6549386017 120.4396002569
1936 584.2096600574 120.9829572354
1937 584.7784694441 121.5187313262
1938 585.3618957125 122.0722700921
1939 585.9592530039 122.6136363244
1940 586.5703414689 123.1455734136
1941 587.1955064963 123.6868950889
1942 587.8343969099 124.2220744504
1943 588.4866841652 124.7524281794
1944 589.1522544600 125.2800702910
1945 589.8310288304 125.8006859560
1946 590.5230276103 126.3250590548
1947 591.2278788468 126.8442763755
1948 591.9452584389 127.3545336824
1949 592.6750525185 127.8675706077
1950 593.4168086918 128.3707645485
1951 594.1703558320 128.8670248616
1952 594.9355512216 129.3665817389
1953 595.7117605830 129.8493998417
1954 596.4990152440 130.3235958585
1955 597.2974955929 130.8054102637
1956 598.1064687107 131.2729065424
1957 598.9255649335 131.7269919353
1958 599.7548561636 132.1813339141
1959 600.5939338835 132.6230918481
1960 601.4425660538 133.0546874689
1961 602.3006865881 133.4819481459
1962 603.1680097204 133.8952270063
1963 604.0445044297 134.3014246118
1964 604.9300176197 134.7021839552
1965 605.8241711392 135.0880286798
1966 606.7269371082 135.4685497469
1967 607.6380740052 135.8416166454
1968 608.5572532425 136.1954074991
1969 609.4848074664 136.5460118179
1970 610.4206497920 136.8970725878
1971 611.3639657914 137.2297356757
1972 612.3145302354 137.5496213145
1973 613.2723940696 137.8657910910
1974 614.2371234055 138.1702868531
1975 615.2083176587 138.4620329351
1976 616.1858328190 138.7431337783
1977 617.1695042563 139.0152576981
1978 618.1589036384 139.2769672222
1979 619.1536101804 139.5213883655
1980 620.1536617637 139.7576696895
1981 621.1587794668 139.9874337005
1982 622.1683662666 140.1939302939
1983 623.1827252323 140.3896577045
1984 624.2020798756 140.5858747995
1985 625.2257308877 140.7640537837
1986 626.2534050925 140.9283028743
1987 627.2850360544 141.0866452349
1988 628.3201159329 141.2270800562
1989 629.3585752847 141.3552965523
1990 630.4004975780 141.4778410288
1991 631.4454061310 141.5880348980
1992 632.4927084369 141.6830299168
1993 633.5421661068 141.7626893769
1994 634.5937181187 141.8359428618
1995 635.6467912938 141.8962399079
1996 636.7009599836 141.9303879688
1997 637.7567141482 141.9610204561
1998 638.8138270603 141.9864813955
1999 639.8714965768 141.9850142764
