0 2.5000000211 0.4419416786
1 2.5123228385 0.4419415141
2 2.5246455824 0.4419413322
3 2.5369682431 0.4419411036
4 2.5492908098 0.4419407953
5 2.5616132703 0.4419403708
6 2.5739356114 0.4419397908
7 2.5862578185 0.4419390130
8 2.5985798759 0.4419379927
9 2.6109017670 0.4419366827
10 2.6232234738 0.4419350336
11 2.6355449775 0.4419329941
12 2.6478662584 0.4419305109
13 2.6601872953 0.4419275292
14 2.6725080665 0.4419239922
15 2.6848285490 0.4419198418
16 2.6971487186 0.4419150176
17 2.7094685501 0.4419094577
18 2.7217880169 0.4419030977
19 2.7341070908 0.4418958708
20 2.7464257422 0.4418877073
21 2.7587439395 0.4418785342
22 2.7710616492 0.4418682746
23 2.7833788352 0.4418568474
24 2.7956954590 0.4418441665
25 2.8080114793 0.4418301405
26 2.8203268515 0.4418146720
27 2.8326415274 0.4417976571
28 2.8449554554 0.4417789852
29 2.8572685796 0.4417585383
30 2.8695808398 0.4417361912
31 2.8818921714 0.4417118107
32 2.8942025050 0.4416852558
33 2.9065117662 0.4416563777
34 2.9188198755 0.4416250198
35 2.9311267481 0.4415910178
36 2.9434322941 0.4415542003
37 2.9557364180 0.4415143884
38 2.9680390187 0.4414713968
39 2.9803399896 0.4414250338
40 2.9926392188 0.4413751015
41 3.0049365884 0.4413213968
42 3.0172319750 0.4412637113
43 3.0295252494 0.4412018317
44 3.0418162768 0.4411355407
45 3.0541049162 0.4410646162
46 3.0663910207 0.4409888327
47 3.0786744373 0.4409079609
48 3.0909550067 0.4408217676
49 3.1032325628 0.4407300165
50 3.1155069331 0.4406324678
51 3.1277779379 0.4405288783
52 3.1400453901 0.4404190017
53 3.1523090952 0.4403025886
54 3.1645688511 0.4401793864
55 3.1768244474 0.4400491398
56 3.1890756654 0.4399115908
57 3.2013222780 0.4397664794
58 3.2135640495 0.4396135432
59 3.2258007352 0.4394525189
60 3.2380320815 0.4392831420
61 3.2502578259 0.4391051481
62 3.2624776969 0.4389182731
63 3.2746914139 0.4387222546
64 3.2868986875 0.4385168325
65 3.2990992197 0.4383017497
66 3.3112927038 0.4380767538
67 3.3234788246 0.4378415976
68 3.3356572592 0.4375960404
69 3.3478276766 0.4373398489
70 3.3599897382 0.4370727984
71 3.3721430983 0.4367946741
72 3.3842874044 0.4365052717
73 3.3964222972 0.4362043986
74 3.4085474115 0.4358918753
75 3.4206623761 0.4355675354
76 3.4327668143 0.4352312277
77 3.4448603443 0.4348828163
78 3.4569425798 0.4345221815
79 3.4690131301 0.4341492213
80 3.4810716005 0.4337638515
81 3.4931175931 0.4333660069
82 3.5051507070 0.4329556421
83 3.5171705386 0.4325327320
84 3.5291766826 0.4320972729
85 3.5411687324 0.4316492831
86 3.5531462804 0.4311888035
87 3.5651089189 0.4307158986
88 3.5770562405 0.4302306568
89 3.5889878390 0.4297331913
90 3.6009033101 0.4292236403
91 3.6128022518 0.4287021680
92 3.6246842654 0.4281689647
93 3.6365489559 0.4276242474
94 3.6483959330 0.4270682598
95 3.6602248119 0.4265012730
96 3.6720352136 0.4259235853
97 3.6838267658 0.4253355222
98 3.6955991037 0.4247374370
99 3.7073518707 0.4241297100
100 3.7190847186 0.4235127487
101 3.7307973089 0.4228869875
102 3.7424893129 0.4222528875
103 3.7541604127 0.4216109360
104 3.7658103016 0.4209616458
105 3.7774386846 0.4203055551
106 3.7890452795 0.4196432267
107 3.8006298168 0.4189752471
108 3.8121920408 0.4183022262
109 3.8237317102 0.4176247961
110 3.8352485983 0.4169436105
111 3.8467424936 0.4162593434
112 3.8582132009 0.4155726881
113 3.8696605410 0.4148843561
114 3.8810843517 0.4141950757
115 3.8924844883 0.4135055907
116 3.9038608235 0.4128166592
117 3.9152132484 0.4121290521
118 3.9265416725 0.4114435518
119 3.9378460240 0.4107609505
120 3.9491262501 0.4100820485
121 3.9603823169 0.4094076526
122 3.9716142098 0.4087385743
123 3.9828219334 0.4080756283
124 3.9940055112 0.4074196304
125 4.0051649860 0.4067713960
126 4.0163004189 0.4061317381
127 4.0274118901 0.4055014653
128 4.0384994976 0.4048813804
129 4.0495633577 0.4042722785
130 4.0606036040 0.4036749454
131 4.0716203874 0.4030901557
132 4.0826138754 0.4025186712
133 4.0935842521 0.4019612391
134 4.1045317169 0.4014185911
135 4.1154564850 0.4008914413
136 4.1263587862 0.4003804853
137 4.1372388648 0.3998863982
138 4.1480969786 0.3994098337
139 4.1589333990 0.3989514225
140 4.1697484101 0.3985117721
141 4.1805423081 0.3980914645
142 4.1913154010 0.3976910559
143 4.2020680078 0.3973110752
144 4.2128004580 0.3969520239
145 4.2235130911 0.3966143747
146 4.2342062557 0.3962985713
147 4.2448803090 0.3960050271
148 4.2555356165 0.3957341256
149 4.2661725504 0.3954862193
150 4.2767914900 0.3952616301
151 4.2873928202 0.3950606485
152 4.2979769311 0.3948835339
153 4.3085442172 0.3947305145
154 4.3190950768 0.3946017878
155 4.3296299112 0.3944975205
156 4.3401491238 0.3944178491
157 4.3506531196 0.3943628799
158 4.3611423048 0.3943326904
159 4.3716170855 0.3943273291
160 4.3820778674 0.3943468169
161 4.3925250553 0.3943911471
162 4.4029590522 0.3944602871
163 4.4133802590 0.3945541787
164 4.4237890739 0.3946727394
165 4.4341858916 0.3948158631
166 4.4445711033 0.3949834214
167 4.4549450959 0.3951752645
168 4.4653082516 0.3953912226
169 4.4756609477 0.3956311066
170 4.4860035560 0.3958947094
171 4.4963364426 0.3961818075
172 4.5066599675 0.3964921615
173 4.5169744843 0.3968255176
174 4.5272803400 0.3971816087
175 4.5375778746 0.3975601561
176 4.5478674212 0.3979608697
177 4.5581493053 0.3983834499
178 4.5684238451 0.3988275886
179 4.5786913511 0.3992929700
180 4.5889521259 0.3997792724
181 4.5992064645 0.4002861684
182 4.6094546537 0.4008133264
183 4.6196969725 0.4013604118
184 4.6299336916 0.4019270877
185 4.6401650741 0.4025130156
186 4.6503913747 0.4031178566
187 4.6606128403 0.4037412725
188 4.6708297102 0.4043829259
189 4.6810422153 0.4050424814
190 4.6912505793 0.4057196061
191 4.7014550181 0.4064139708
192 4.7116557403 0.4071252499
193 4.7218529469 0.4078531221
194 4.7320468321 0.4085972716
195 4.7422375830 0.4093573880
196 4.7524253797 0.4101331667
197 4.7626103960 0.4109243099
198 4.7727927992 0.4117305267
199 4.7829727502 0.4125515333
200 4.7931504041 0.4133870537
201 4.8033259101 0.4142368198
202 4.8134994120 0.4151005720
203 4.8236710482 0.4159780591
204 4.8338409518 0.4168690384
205 4.8440092516 0.4177732766
206 4.8541760713 0.4186905496
207 4.8643415305 0.4196206426
208 4.8745057446 0.4205633503
209 4.8846688252 0.4215184776
210 4.8948308804 0.4224858388
211 4.9049920151 0.4234652582
212 4.9151523312 0.4244565695
213 4.9253119284 0.4254596164
214 4.9354709036 0.4264742522
215 4.9456293521 0.4275003403
216 4.9557873670 0.4285377542
217 4.9659450401 0.4295863780
218 4.9761024616 0.4306461054
219 4.9862597211 0.4317168401
220 4.9964169078 0.4327984956
221 5.0065741106 0.4338909946
222 5.0167314185 0.4349942692
223 5.0268889210 0.4361082615
224 5.0370467081 0.4372329227
225 5.0472048705 0.4383682131
226 5.0573635007 0.4395141020
227 5.0675226924 0.4406705676
228 5.0776825413 0.4418375971
229 5.0878431449 0.4430151862
230 5.0980046030 0.4442033401
231 5.1081670180 0.4454020726
232 5.1183304950 0.4466114054
233 5.1284951424 0.4478313683
234 5.1386610716 0.4490619990
235 5.1488283979 0.4503033427
236 5.1589972401 0.4515554520
237 5.1691677211 0.4528183868
238 5.1793399682 0.4540922140
239 5.1895141129 0.4553770065
240 5.1996902915 0.4566728438
241 5.2098686450 0.4579798111
242 5.2200493193 0.4592979989
243 5.2302324656 0.4606275029
244 5.2404182401 0.4619684238
245 5.2506068046 0.4633208669
246 5.2607983260 0.4646849412
247 5.2709929769 0.4660607597
248 5.2811909358 0.4674484383
249 5.2913923864 0.4688480950
250 5.3015975184 0.4702598506
251 5.3118065274 0.4716838274
252 5.3220196145 0.4731201491
253 5.3322369867 0.4745689399
254 5.3424588567 0.4760303238
255 5.3526854432 0.4775044244
256 5.3629169702 0.4789913642
257 5.3731536674 0.4804912645
258 5.3833957703 0.4820042446
259 5.3936435192 0.4835304210
260 5.4038971601 0.4850699065
261 5.4141569442 0.4866228106
262 5.4244231272 0.4881892387
263 5.4346959699 0.4897692913
264 5.4449757376 0.4913630637
265 5.4552627001 0.4929706456
266 5.4655571309 0.4945921196
267 5.4758593080 0.4962275622
268 5.4861695127 0.4978770428
269 5.4964880297 0.4995406230
270 5.5068151469 0.5012183562
271 5.5171511552 0.5029102873
272 5.5274963479 0.5046164523
273 5.5378510204 0.5063368778
274 5.5482154703 0.5080715813
275 5.5585899967 0.5098205704
276 5.5689748998 0.5115838415
277 5.5793704810 0.5133613813
278 5.5897770423 0.5151531658
279 5.6001948855 0.5169591600
280 5.6106243126 0.5187793178
281 5.6210656252 0.5206135814
282 5.6315191237 0.5224618820
283 5.6419851073 0.5243241391
284 5.6524638736 0.5262002613
285 5.6629557180 0.5280901448
286 5.6734609335 0.5299936742
287 5.6839798101 0.5319107227
288 5.6945126347 0.5338411523
289 5.7050596901 0.5357848133
290 5.7156212551 0.5377415444
291 5.7261976040 0.5397111730
292 5.7367890060 0.5416935158
293 5.7473957245 0.5436883787
294 5.7580180175 0.5456955569
295 5.7686561362 0.5477148346
296 5.7793103250 0.5497459864
297 5.7899808213 0.5517887772
298 5.8006678545 0.5538429627
299 5.8113716458 0.5559082888
300 5.8220924080 0.5579844928
301 5.8328303448 0.5600713041
302 5.8435856501 0.5621684446
303 5.8543585082 0.5642756283
304 5.8651490932 0.5663925622
305 5.8759575680 0.5685189473
306 5.8867840846 0.5706544794
307 5.8976287836 0.5727988488
308 5.9084917937 0.5749517406
309 5.9193732312 0.5771128362
310 5.9302732001 0.5792818145
311 5.9411917914 0.5814583514
312 5.9521290833 0.5836421204
313 5.9630851408 0.5858327933
314 5.9740600152 0.5880300423
315 5.9850537440 0.5902335397
316 5.9960663510 0.5924429576
317 6.0070978460 0.5946579695
318 6.0181482243 0.5968782513
319 6.0292174675 0.5991034825
320 6.0403055433 0.6013333451
321 6.0514124058 0.6035675243
322 6.0625379955 0.6058057110
323 6.0736822390 0.6080476018
324 6.0848450492 0.6102928987
325 6.0960263248 0.6125413093
326 6.1072259513 0.6147925489
327 6.1184438006 0.6170463414
328 6.1296797326 0.6193024180
329 6.1409335958 0.6215605171
330 6.1522052271 0.6238203863
331 6.1634944523 0.6260817840
332 6.1748010860 0.6283444768
333 6.1861249321 0.6306082401
334 6.1974657839 0.6328728593
335 6.2088234250 0.6351381314
336 6.2201976302 0.6374038622
337 6.2315881658 0.6396698659
338 6.2429947901 0.6419359673
339 6.2544172535 0.6442020031
340 6.2658552996 0.6464678195
341 6.2773086659 0.6487332708
342 6.2887770848 0.6509982220
343 6.3002602836 0.6532625495
344 6.3117579854 0.6555261379
345 6.3232699093 0.6577888785
346 6.3347957705 0.6600506724
347 6.3463352812 0.6623114307
348 6.3578881515 0.6645710708
349 6.3694540899 0.6668295153
350 6.3810328034 0.6690866957
351 6.3926239974 0.6713425534
352 6.4042273772 0.6735970336
353 6.4158426482 0.6758500856
354 6.4274695163 0.6781016657
355 6.4391076879 0.6803517367
356 6.4507568711 0.6826002623
357 6.4624167756 0.6848472081
358 6.4740871127 0.6870925467
359 6.4857675964 0.6893362549
360 6.4974579440 0.6915783081
361 6.5091578760 0.6938186818
362 6.5208671156 0.6960573563
363 6.5325853893 0.6982943127
364 6.5443124280 0.7005295274
365 6.5560479667 0.7027629763
366 6.5677917447 0.7049946396
367 6.5795435055 0.7072244951
368 6.5913029977 0.7094525139
369 6.6030699746 0.7116786657
370 6.6148441940 0.7139029219
371 6.6266254193 0.7161252472
372 6.6384134195 0.7183455987
373 6.6502079688 0.7205639329
374 6.6620088466 0.7227802064
375 6.6738158385 0.7249943656
376 6.6856287365 0.7272063479
377 6.6974473376 0.7294160903
378 6.7092714445 0.7316235262
379 6.7211008669 0.7338285767
380 6.7329354208 0.7360311564
381 6.7447749277 0.7382311800
382 6.7566192156 0.7404285541
383 6.7684681189 0.7426231713
384 6.7803214782 0.7448149193
385 6.7921791397 0.7470036860
386 6.8040409566 0.7491893489
387 6.8159067891 0.7513717727
388 6.8277765023 0.7535508204
389 6.8396499671 0.7557263516
390 6.8515270611 0.7578982119
391 6.8634076685 0.7600662386
392 6.8752916786 0.7622302715
393 6.8871789865 0.7643901441
394 6.8990694934 0.7665456740
395 6.9109631059 0.7686966743
396 6.9228597352 0.7708429609
397 6.9347592988 0.7729843414
398 6.9466617202 0.7751206114
399 6.9585669267 0.7772515664
400 6.9704748499 0.7793770014
401 6.9823854270 0.7814966989
402 6.9942986008 0.7836104360
403 7.0062143174 0.7857179957
404 7.0181325269 0.7878191561
405 7.0300531845 0.7899136808
406 7.0419762488 0.7920013332
407 7.0539016817 0.7940818844
408 7.0658294497 0.7961550976
409 7.0777595235 0.7982207255
410 7.0896918754 0.8002785254
411 7.1016264807 0.8023282567
412 7.1135633190 0.8043696690
413 7.1255023733 0.8064025108
414 7.1374436279 0.8084265385
415 7.1493870693 0.8104415033
416 7.1613326876 0.8124471463
417 7.1732804748 0.8144432166
418 7.1852304247 0.8164294709
419 7.1971825336 0.8184056561
420 7.2091367994 0.8203715141
421 7.2210932209 0.8223267987
422 7.2330517987 0.8242712680
423 7.2450125362 0.8262046720
424 7.2569754368 0.8281267661
425 7.2689405038 0.8300373160
426 7.2809077424 0.8319360841
427 7.2928771603 0.8338228304
428 7.3048487647 0.8356973284
429 7.3168225625 0.8375593576
430 7.3287985619 0.8394086927
431 7.3407767715 0.8412451202
432 7.3527571986 0.8430684481
433 7.3647398510 0.8448784864
434 7.3767247367 0.8466750427
435 7.3887118625 0.8484579400
436 7.4007012356 0.8502270134
437 7.4126928643 0.8519820961
438 7.4246867554 0.8537230322
439 7.4366829130 0.8554496911
440 7.4486813406 0.8571619555
441 7.4606820418 0.8588597177
442 7.4726850176 0.8605428934
443 7.4846902670 0.8622114143
444 7.4966977890 0.8638652132
445 7.5087075821 0.8655042381
446 7.5207196422 0.8671284634
447 7.5327339635 0.8687378728
448 7.5447505396 0.8703324556
449 7.5567693616 0.8719122259
450 7.5687904190 0.8734772194
451 7.5808137006 0.8750274781
452 7.5928391922 0.8765630621
453 7.6048668763 0.8780840618
454 7.6168967344 0.8795905827
455 7.6289287476 0.8810827388
456 7.6409628935 0.8825606652
457 7.6529991478 0.8840245123
458 7.6650374861 0.8854744340
459 7.6770778832 0.8869105990
460 7.6891203108 0.8883331946
461 7.7011647397 0.8897424095
462 7.7132111411 0.8911384340
463 7.7252594842 0.8925214776
464 7.7373097367 0.8938917602
465 7.7493618654 0.8952495006
466 7.7614158354 0.8965949301
467 7.7734716105 0.8979282977
468 7.7855291543 0.8992498523
469 7.7975884290 0.9005598434
470 7.8096493947 0.9018585360
471 7.8217120109 0.9031462019
472 7.8337762379 0.9044231079
473 7.8458420344 0.9056895250
474 7.8579093574 0.9069457288
475 7.8699781653 0.9081919879
476 7.8820484165 0.9094285695
477 7.8941200676 0.9106557469
478 7.9061930748 0.9118737861
479 7.9182673951 0.9130829444
480 7.9303429851 0.9142834851
481 7.9424198001 0.9154756724
482 7.9544977942 0.9166597610
483 7.9665769216 0.9178360072
484 7.9786571350 0.9190046760
485 7.9907383865 0.9201660261
486 8.0028206267 0.9213203115
487 8.0149038038 0.9224677954
488 8.0269878657 0.9236087439
489 8.0390727597 0.9247434154
490 8.0511584297 0.9258720683
491 8.0632448182 0.9269949654
492 8.0753318675 0.9281123639
493 8.0874195181 0.9292245176
494 8.0995077072 0.9303316799
495 8.1115963708 0.9314340967
496 8.1236854445 0.9325320064
497 8.1357748615 0.9336256472
498 8.1478645511 0.9347152502
499 8.1599544414 0.9358010330
500 8.1720444590 0.9368832103
501 8.1841345277 0.9379619937
502 8.1962245672 0.9390375797
503 8.2083144940 0.9401101554
504 8.2204042224 0.9411799073
505 8.2324936634 0.9422470115
506 8.2445827229 0.9433116271
507 8.2566713015 0.9443739078
508 8.2687592970 0.9454340027
509 8.2808466031 0.9464920449
510 8.2929331060 0.9475481533
511 8.3050186858 0.9486024384
512 8.3171032188 0.9496549979
513 8.3291865752 0.9507059148
514 8.3412686156 0.9517552571
515 8.3533491933 0.9528030761
516 8.3654281564 0.9538494074
517 8.3775053439 0.9548942732
518 8.3895805836 0.9559376754
519 8.4016536939 0.9569795942
520 8.4137244858 0.9580199968
521 8.4257927584 0.9590588341
522 8.4378582967 0.9600960308
523 8.4499208734 0.9611314921
524 8.4619802499 0.9621651109
525 8.4740361729 0.9631967583
526 8.4860883707 0.9642262789
527 8.4981365562 0.9652535030
528 8.5101804288 0.9662782484
529 8.5222196692 0.9673003095
530 8.5342539360 0.9683194590
531 8.5462828676 0.9693354546
532 8.5583060836 0.9703480375
533 8.5703231773 0.9713569245
534 8.5823337129 0.9723618104
535 8.5943372317 0.9733623742
536 8.6063332527 0.9743582825
537 8.6183212658 0.9753491855
538 8.6303007307 0.9763347138
539 8.6422710803 0.9773144835
540 8.6542317170 0.9782880975
541 8.6661820025 0.9792551325
542 8.6781212575 0.9802151375
543 8.6900487687 0.9811676484
544 8.7019637873 0.9821121889
545 8.7138655215 0.9830482604
546 8.7257531393 0.9839753477
547 8.7376257716 0.9848929288
548 8.7494825056 0.9858004644
549 8.7613223748 0.9866973885
550 8.7731443632 0.9875831194
551 8.7849474127 0.9884570694
552 8.7967304154 0.9893186363
553 8.8084922051 0.9901671981
554 8.8202315615 0.9910021220
555 8.8319472118 0.9918227665
556 8.8436378199 0.9926284729
557 8.8553019828 0.9934185658
558 8.8669382431 0.9941923692
559 8.8785450908 0.9949492123
560 8.8901209493 0.9956884171
561 8.9016641712 0.9964092963
562 8.9131730479 0.9971111672
563 8.9246458072 0.9977933539
564 8.9360806027 0.9984551781
565 8.9474755192 0.9990959671
566 8.9588285824 0.9997150692
567 8.9701377474 1.0003118437
568 8.9814008842 1.0008856488
569 8.9926157877 1.0014358559
570 9.0037801899 1.0019618649
571 9.0148917502 1.0024630972
572 9.0259480483 1.0029389907
573 9.0369465943 1.0033890144
574 9.0478848317 1.0038126716
575 9.0587601226 1.0042094884
576 9.0695697510 1.0045790211
577 9.0803109440 1.0049208766
578 9.0909808692 1.0052347109
579 9.1015766152 1.0055202135
580 9.1120951958 1.0057771134
581 9.1225335691 1.0060051962
582 9.1328886318 1.0062043006
583 9.1431572110 1.0063743115
584 9.1533360781 1.0065151729
585 9.1634219572 1.0066268939
586 9.1734115062 1.0067095343
587 9.1833013170 1.0067632027
588 9.1930879425 1.0067880792
589 9.2027679035 1.0067844196
590 9.2123376680 1.0067525366
591 9.2217936542 1.0066928005
592 9.2311322535 1.0066056558
593 9.2403498293 1.0064916175
594 9.2494427093 1.0063512620
595 9.2584072041 1.0061852385
596 9.2672396207 1.0059942750
597 9.2759362438 1.0057791604
598 9.2844933334 1.0055407393
599 9.2929071587 1.0052799319
600 9.3011740082 1.0049977355
601 9.3092901675 1.0046952038
602 9.3172519224 1.0043734439
603 9.3250555854 1.0040336287
604 9.3326974954 1.0036769899
605 9.3401740084 1.0033048060
606 9.3474815193 1.0029184100
607 9.3546164749 1.0025191905
608 9.3615753532 1.0021085710
609 9.3683546648 1.0016880038
610 9.3749509901 1.0012589861
611 9.3813609864 1.0008230561
612 9.3875813622 1.0003817689
613 9.3936088843 0.9999366928
614 9.3994404085 0.9994894202
615 9.4050728759 0.9990415564
616 9.4105033041 0.9985947061
617 9.4157288091 0.9981504777
618 9.4207466139 0.9977104801
619 9.4255540274 0.9972763018
620 9.4301484533 0.9968495078
621 9.4345274264 0.9964316524
622 9.4386886066 0.9960242673
623 9.4426297495 0.9956288374
624 9.4463487240 0.9952468030
625 9.4498435414 0.9948795685
626 9.4531123421 0.9945284884
627 9.4561533843 0.9941948536
628 9.4589650646 0.9938798970
629 9.4615459198 0.9935847879
630 9.4638946074 0.9933106162
631 9.4660099220 0.9930583960
632 9.4678908192 0.9928290740
633 9.4695363914 0.9926235117
634 9.4709458477 0.9924424711
635 9.4721185444 0.9922866277
636 9.4730540018 0.9921565767
637 9.4737518748 0.9920528148
638 9.4742119465 0.9919757352
639 9.4744341510 0.9919256395
640 9.4744185685 0.9919027331
641 9.4741654087 0.9919071178
642 9.4736750282 0.9919388003
643 9.4729479346 0.9919976960
644 9.4719847580 0.9920836149
645 9.4707862523 0.9921962643
646 9.4693533260 0.9923352679
647 9.4676870306 0.9925001624
648 9.4657885262 0.9926903836
649 9.4636590944 0.9929052766
650 9.4613001601 0.9931441124
651 9.4587132705 0.9934060817
652 9.4559000807 0.9936902918
653 9.4528623687 0.9939957806
654 9.4496020288 0.9943215186
655 9.4461210526 0.9946664050
656 9.4424215421 0.9950292806
657 9.4385057181 0.9954089405
658 9.4343758891 0.9958041231
659 9.4300344409 0.9962135119
660 9.4254838652 0.9966357583
661 9.4207267545 0.9970694872
662 9.4157657684 0.9975132849
663 9.4106036361 0.9979657078
664 9.4052431747 0.9984253016
665 9.3996872727 0.9988905988
666 9.3939388750 0.9993601184
667 9.3880009950 0.9998323796
668 9.3818767061 1.0003059051
669 9.3755691225 1.0007792155
670 9.3690814109 1.0012508441
671 9.3624167989 1.0017193496
672 9.3555785455 1.0021833051
673 9.3485699305 1.0026412971
674 9.3413942784 1.0030919488
675 9.3340549545 1.0035339226
676 9.3265553350 1.0039659078
677 9.3188988092 1.0043866283
678 9.3110887942 1.0047948578
679 9.3031287188 1.0051894150
680 9.2950220130 1.0055691623
681 9.2867721177 1.0059330157
682 9.2783824751 1.0062799438
683 9.2698565142 1.0066089610
684 9.2611976621 1.0069191404
685 9.2524093476 1.0072096203
686 9.2434949753 1.0074795886
687 9.2344579222 1.0077282835
688 9.2253015576 1.0079550105
689 9.2160292338 1.0081591390
690 9.2066442633 1.0083400885
691 9.1971499260 1.0084973360
692 9.1875494787 1.0086304254
693 9.1778461394 1.0087389584
694 9.1680430831 1.0088225904
695 9.1581434485 1.0088810391
696 9.1481503293 1.0089140781
697 9.1380667664 1.0089215317
698 9.1278957592 1.0089032838
699 9.1176402624 1.0088592757
700 9.1073031675 1.0087894896
701 9.0968873098 1.0086939532
702 9.0863954812 1.0085727515
703 9.0758304164 1.0084260141
704 9.0651947811 1.0082539020
705 9.0544911857 1.0080566189
706 9.0437221878 1.0078344117
707 9.0328902794 1.0075875576
708 9.0219978886 1.0073163644
709 9.0110473857 1.0070211754
710 9.0000410767 1.0067023593
711 8.9889812024 1.0063603085
712 8.9778699468 1.0059954451
713 8.9667094303 1.0056082120
714 8.9555017031 1.0051990646
715 8.9442487569 1.0047684808
716 8.9329525287 1.0043169607
717 8.9216148869 1.0038450100
718 8.9102376351 1.0033531411
719 8.8988225236 1.0028418841
720 8.8873712455 1.0023117782
721 8.8758854292 1.0017633625
722 8.8643666471 1.0011971807
723 8.8528164184 1.0006137811
724 8.8412362036 1.0000137104
725 8.8296274085 0.9993975149
726 8.8179913883 0.9987657416
727 8.8063294434 0.9981189321
728 8.7946428230 0.9974576235
729 8.7829327333 0.9967823551
730 8.7712003320 0.9960936628
731 8.7594467241 0.9953920709
732 8.7476729702 0.9946780977
733 8.7358800888 0.9939522569
734 8.7240690494 0.9932150472
735 8.7122407763 0.9924669538
736 8.7003961592 0.9917084601
737 8.6885360533 0.9909400461
738 8.6766612774 0.9901621808
739 8.6647726181 0.9893753255
740 8.6528708262 0.9885799290
741 8.6409566117 0.9877764160
742 8.6290306462 0.9869651877
743 8.6170935671 0.9861466243
744 8.6051459795 0.9853210843
745 8.5931884665 0.9844889166
746 8.5812215972 0.9836504739
747 8.5692459218 0.9828061019
748 8.5572619652 0.9819561272
749 8.5452702254 0.9811008562
750 8.5332711686 0.9802405661
751 8.5212652259 0.9793754963
752 8.5092528016 0.9785058637
753 8.4972342853 0.9776318782
754 8.4852100564 0.9767537463
755 8.4731804845 0.9758716757
756 8.4611459271 0.9749858734
757 8.4491067237 0.9740965318
758 8.4370631903 0.9732038226
759 8.4250156228 0.9723078997
760 8.4129642989 0.9714088993
761 8.4009094805 0.9705069463
762 8.3888514185 0.9696021613
763 8.3767903530 0.9686946552
764 8.3647265086 0.9677845221
765 8.3526600953 0.9668718413
766 8.3405913143 0.9659566818
767 8.3285203594 0.9650391052
768 8.3164474173 0.9641191666
769 8.3043726699 0.9631969117
770 8.2922962911 0.9622723722
771 8.2802184418 0.9613455601
772 8.2681392718 0.9604164639
773 8.2560589222 0.9594850528
774 8.2439775274 0.9585512817
775 8.2318952174 0.9576150925
776 8.2198121180 0.9566764150
777 8.2077283479 0.9557351654
778 8.1956440193 0.9547912429
779 8.1835592411 0.9538445351
780 8.1714741188 0.9528949255
781 8.1593887551 0.9519422907
782 8.1473032504 0.9509865018
783 8.1352177007 0.9500274260
784 8.1231321952 0.9490649187
785 8.1110468171 0.9480988248
786 8.0989616460 0.9471289902
787 8.0868767577 0.9461552594
788 8.0747922251 0.9451774718
789 8.0627081166 0.9441954674
790 8.0506244961 0.9432090838
791 8.0385414239 0.9422181544
792 8.0264589580 0.9412225165
793 8.0143771553 0.9402220106
794 8.0022960714 0.9392164749
795 7.9902157597 0.9382057504
796 7.9781362708 0.9371896778
797 7.9660576531 0.9361680904
798 7.9539799535 0.9351408219
799 7.9419032182 0.9341077072
800 7.9298274926 0.9330685755
801 7.9177528193 0.9320232527
802 7.9056792396 0.9309715622
803 7.8936067936 0.9299133194
804 7.8815355208 0.9288483389
805 7.8694654601 0.9277764370
806 7.8573966507 0.9266974264
807 7.8453291308 0.9256111184
808 7.8332629378 0.9245173261
809 7.8211981090 0.9234158612
810 7.8091346813 0.9223065397
811 7.7970726918 0.9211891841
812 7.7850121774 0.9200636182
813 7.7729531740 0.9189296697
814 7.7608957158 0.9177871742
815 7.7488398367 0.9166359718
816 7.7367855702 0.9154759097
817 7.7247329486 0.9143068454
818 7.7126820031 0.9131286405
819 7.7006327640 0.9119411639
820 7.6885852595 0.9107442957
821 7.6765395179 0.9095379204
822 7.6644955672 0.9083219308
823 7.6524534338 0.9070962315
824 7.6404131436 0.9058607315
825 7.6283747219 0.9046153458
826 7.6163381935 0.9033599999
827 7.6043035831 0.9020946235
828 7.5922709156 0.9008191508
829 7.5802402152 0.8995335240
830 7.5682115060 0.8982376866
831 7.5561848124 0.8969315864
832 7.5441601578 0.8956151826
833 7.5321375655 0.8942884403
834 7.5201170587 0.8929513313
835 7.5080986596 0.8916038369
836 7.4960823909 0.8902459394
837 7.4840682759 0.8888776198
838 7.4720563387 0.8874988632
839 7.4600466041 0.8861096542
840 7.4480390964 0.8847099850
841 7.4360338385 0.8832998713
842 7.4240308511 0.8818793531
843 7.4120301538 0.8804484929
844 7.4000317654 0.8790073697
845 7.3880357067 0.8775560547
846 7.3760420031 0.8760945945
847 7.3640506838 0.8746230124
848 7.3520617819 0.8731413174
849 7.3400753298 0.8716495341
850 7.3280913555 0.8701477427
851 7.3161098803 0.8686360914
852 7.3041309212 0.8671147828
853 7.2921544955 0.8655840350
854 7.2801806283 0.8640440181
855 7.2682093578 0.8624948100
856 7.2562407349 0.8609364001
857 7.2442748187 0.8593687318
858 7.2323116670 0.8577917798
859 7.2203513275 0.8562056259
860 7.2083938357 0.8546104770
861 7.1964392202 0.8530066247
862 7.1844875118 0.8513943664
863 7.1725387544 0.8497739130
864 7.1605930110 0.8481453439
865 7.1486503602 0.8465086309
866 7.1367108890 0.8448637044
867 7.1247746836 0.8432105315
868 7.1128418230 0.8415491682
869 7.1009123805 0.8398797509
870 7.0889864284 0.8382024553
871 7.0770640428 0.8365174601
872 7.0651453056 0.8348249265
873 7.0532303038 0.8331250073
874 7.0413191277 0.8314178667
875 7.0294118710 0.8297036707
876 7.0175086358 0.8279825569
877 7.0056095353 0.8262546051
878 6.9937146955 0.8245198259
879 6.9818242513 0.8227781937
880 6.9699383390 0.8210297109
881 6.9580570911 0.8192744541
882 6.9461806354 0.8175125825
883 6.9343090983 0.8157443091
884 6.9224426114 0.8139698474
885 6.9105813149 0.8121893791
886 6.8987253578 0.8104030579
887 6.8868748961 0.8086110234
888 6.8750300918 0.8068134097
889 6.8631911144 0.8050103342
890 6.8513581442 0.8032018676
891 6.8395313737 0.8013880235
892 6.8277110049 0.7995687846
893 6.8158972440 0.7977441463
894 6.8040902967 0.7959141558
895 6.7922903667 0.7940789242
896 6.7804976600 0.7922385969
897 6.7687123876 0.7903933231
898 6.7569347675 0.7885432451
899 6.7451650234 0.7866885039
900 6.7334033835 0.7848292523
901 6.7216500806 0.7829656518
902 6.7099053560 0.7810978427
903 6.6981694621 0.7792259176
904 6.6864426623 0.7773499210
905 6.6747252282 0.7754698734
906 6.6630174351 0.7735858091
907 6.6513195594 0.7716977990
908 6.6396318793 0.7698059412
909 6.6279546759 0.7679103470
910 6.6162882335 0.7660111409
911 6.6046328380 0.7641084730
912 6.5929887743 0.7622025373
913 6.5813563262 0.7602935714
914 6.5697357794 0.7583818277
915 6.5581274245 0.7564675440
916 6.5465315582 0.7545509324
917 6.5349484826 0.7526321865
918 6.5233785018 0.7507115001
919 6.5118219216 0.7487890713
920 6.5002790509 0.7468650898
921 6.4887502019 0.7449397276
922 6.4772356895 0.7430131498
923 6.4657358274 0.7410855358
924 6.4542509258 0.7391571035
925 6.4427812903 0.7372281127
926 6.4313272239 0.7352988493
927 6.4198890276 0.7333696151
928 6.4084669999 0.7314407299
929 6.3970614352 0.7295125401
930 6.3856726233 0.7275854245
931 6.3743008507 0.7256597814
932 6.3629464022 0.7237360061
933 6.3516095620 0.7218144813
934 6.3402906124 0.7198955833
935 6.3289898326 0.7179796928
936 6.3177074973 0.7160672019
937 6.3064438775 0.7141585067
938 6.2951992406 0.7122539983
939 6.2839738494 0.7103540700
940 6.2727679601 0.7084591350
941 6.2615818198 0.7065696387
942 6.2504156664 0.7046860599
943 6.2392697283 0.7028089004
944 6.2281442261 0.7009386775
945 6.2170393711 0.6990759311
946 6.2059553644 0.6972212305
947 6.1948923968 0.6953751720
948 6.1838506499 0.6935383677
949 6.1728302964 0.6917114318
950 6.1618315008 0.6898949765
951 6.1508544168 0.6880896190
952 6.1398991865 0.6862959845
953 6.1289659415 0.6845147009
954 6.1180548042 0.6827463914
955 6.1071658886 0.6809916719
956 6.0962992994 0.6792511588
957 6.0854551309 0.6775254783
958 6.0746334653 0.6758152680
959 6.0638343720 0.6741211728
960 6.0530579069 0.6724438432
961 6.0423041112 0.6707839369
962 6.0315730119 0.6691421266
963 6.0208646228 0.6675191035
964 6.0101789472 0.6659155700
965 5.9995159790 0.6643322319
966 5.9888757020 0.6627697970
967 5.9782580884 0.6612289759
968 5.9676630975 0.6597104844
969 5.9570906755 0.6582150388
970 5.9465407563 0.6567433468
971 5.9360132629 0.6552961039
972 5.9255081092 0.6538739972
973 5.9150251999 0.6524777072
974 5.9045644303 0.6511079069
975 5.8941256865 0.6497652572
976 5.8837088457 0.6484504045
977 5.8733137758 0.6471639852
978 5.8629403360 0.6459066311
979 5.8525883771 0.6446789689
980 5.8422577414 0.6434816161
981 5.8319482623 0.6423151803
982 5.8216597636 0.6411802611
983 5.8113920584 0.6400774531
984 5.8011449501 0.6390073440
985 5.7909182339 0.6379705112
986 5.7807116990 0.6369675193
987 5.7705251289 0.6359989203
988 5.7603583004 0.6350652538
989 5.7502109838 0.6341670458
990 5.7400829430 0.6333048053
991 5.7299739366 0.6324790225
992 5.7198837185 0.6316901683
993 5.7098120379 0.6309386947
994 5.6997586391 0.6302250347
995 5.6897232612 0.6295496003
996 5.6797056379 0.6289127817
997 5.6697054976 0.6283149480
998 5.6597225647 0.6277564479
999 5.6497565607 0.6272376107
1000 5.6398072048 0.6267587463
1001 5.6298742138 0.6263201457
1002 5.6199573015 0.6259220801
1003 5.6100561791 0.6255648034
1004 5.6001705557 0.6252485531
1005 5.5903001396 0.6249735489
1006 5.5804446382 0.6247399917
1007 5.5706037573 0.6245480647
1008 5.5607772015 0.6243979338
1009 5.5509646731 0.6242897466
1010 5.5411658735 0.6242236309
1011 5.5313805038 0.6241996933
1012 5.5216082658 0.6242180205
1013 5.5118488618 0.6242786803
1014 5.5021019947 0.6243817205
1015 5.4923673681 0.6245271667
1016 5.4826446869 0.6247150239
1017 5.4729336582 0.6249452789
1018 5.4632339917 0.6252179009
1019 5.4535453999 0.6255328409
1020 5.4438675973 0.6258900316
1021 5.4342003002 0.6262893892
1022 5.4245432268 0.6267308170
1023 5.4148960975 0.6272142055
1024 5.4052586355 0.6277394294
1025 5.3956305665 0.6283063501
1026 5.3860116179 0.6289148193
1027 5.3764015188 0.6295646793
1028 5.3668000003 0.6302557618
1029 5.3572067960 0.6309878881
1030 5.3476216432 0.6317608699
1031 5.3380442819 0.6325745114
1032 5.3284744546 0.6334286118
1033 5.3189119065 0.6343229623
1034 5.3093563858 0.6352573453
1035 5.2998076447 0.6362315360
1036 5.2902654388 0.6372453045
1037 5.2807295271 0.6382984145
1038 5.2711996713 0.6393906230
1039 5.2616756363 0.6405216789
1040 5.2521571902 0.6416913232
1041 5.2426441046 0.6428992911
1042 5.2331361541 0.6441453110
1043 5.2236331165 0.6454291039
1044 5.2141347728 0.6467503845
1045 5.2046409063 0.6481088611
1046 5.1951513036 0.6495042361
1047 5.1856657546 0.6509362087
1048 5.1761840529 0.6524044745
1049 5.1667059952 0.6539087241
1050 5.1572313805 0.6554486460
1051 5.1477600111 0.6570239294
1052 5.1382916923 0.6586342634
1053 5.1288262323 0.6602793369
1054 5.1193634420 0.6619588390
1055 5.1099031346 0.6636724612
1056 5.1004451252 0.6654198994
1057 5.0909892312 0.6672008531
1058 5.0815352731 0.6690150219
1059 5.0720830740 0.6708621066
1060 5.0626324582 0.6727418137
1061 5.0531832512 0.6746538572
1062 5.0437352790 0.6765979548
1063 5.0342883687 0.6785738270
1064 5.0248423482 0.6805811999
1065 5.0153970460 0.6826198070
1066 5.0059522920 0.6846893885
1067 4.9965079180 0.6867896863
1068 4.9870637579 0.6889204436
1069 4.9776196476 0.6910814087
1070 4.9681754233 0.6932723360
1071 4.9587309205 0.6954929863
1072 4.9492859733 0.6977431254
1073 4.9398404156 0.7000225244
1074 4.9303940811 0.7023309581
1075 4.9209468052 0.7046682047
1076 4.9114984254 0.7070340430
1077 4.9020487814 0.7094282508
1078 4.8925977151 0.7118506051
1079 4.8831450690 0.7143008846
1080 4.8736906851 0.7167788706
1081 4.8642344048 0.7192843464
1082 4.8547760688 0.7218170975
1083 4.8453155178 0.7243769105
1084 4.8358525929 0.7269635725
1085 4.8263871361 0.7295768711
1086 4.8169189907 0.7322165932
1087 4.8074480007 0.7348825255
1088 4.7979740107 0.7375744560
1089 4.7884968672 0.7402921730
1090 4.7790164193 0.7430354637
1091 4.7695325188 0.7458041147
1092 4.7600450182 0.7485979127
1093 4.7505537702 0.7514166487
1094 4.7410586261 0.7542601195
1095 4.7315594358 0.7571281257
1096 4.7220560481 0.7600204717
1097 4.7125483113 0.7629369674
1098 4.7030360738 0.7658774281
1099 4.6935191851 0.7688416718
1100 4.6839974952 0.7718295180
1101 4.6744708549 0.7748407889
1102 4.6649391147 0.7778753129
1103 4.6554021252 0.7809329240
1104 4.6458597383 0.7840134584
1105 4.6363118069 0.7871167518
1106 4.6267581836 0.7902426442
1107 4.6171987185 0.7933909819
1108 4.6076332593 0.7965616169
1109 4.5980616515 0.7997544026
1110 4.5884837395 0.8029691946
1111 4.5788993670 0.8062058511
1112 4.5693083785 0.8094642327
1113 4.5597106192 0.8127441991
1114 4.5501059351 0.8160456080
1115 4.5404941738 0.8193683161
1116 4.5308751851 0.8227121798
1117 4.5212488217 0.8260770550
1118 4.5116149398 0.8294627938
1119 4.5019733985 0.8328692449
1120 4.4923240584 0.8362962555
1121 4.4826667804 0.8397436728
1122 4.4730014259 0.8432113426
1123 4.4633278577 0.8466991083
1124 4.4536459406 0.8502068098
1125 4.4439555416 0.8537342848
1126 4.4342565292 0.8572813686
1127 4.4245487743 0.8608478929
1128 4.4148321507 0.8644336856
1129 4.4051065370 0.8680385707
1130 4.3953718169 0.8716623679
1131 4.3856278805 0.8753048918
1132 4.3758746236 0.8789659538
1133 4.3661119455 0.8826453632
1134 4.3563397495 0.8863429260
1135 4.3465579428 0.8900584451
1136 4.3367664369 0.8937917217
1137 4.3269651459 0.8975425562
1138 4.3171539858 0.9013107478
1139 4.3073328734 0.9050960938
1140 4.2975017261 0.9088983907
1141 4.2876604631 0.9127174345
1142 4.2778090059 0.9165530199
1143 4.2679472791 0.9204049386
1144 4.2580752108 0.9242729796
1145 4.2481927325 0.9281569311
1146 4.2382997791 0.9320565792
1147 4.2283962902 0.9359717077
1148 4.2184822111 0.9399020982
1149 4.2085574938 0.9438475289
1150 4.1986220949 0.9478077760
1151 4.1886759743 0.9517826161
1152 4.1787190952 0.9557718251
1153 4.1687514244 0.9597751773
1154 4.1587729333 0.9637924466
1155 4.1487835961 0.9678234054
1156 4.1387833881 0.9718678266
1157 4.1287722876 0.9759254851
1158 4.1187502750 0.9799961557
1159 4.1087173338 0.9840796099
1160 4.0986734515 0.9881756215
1161 4.0886186215 0.9922839667
1162 4.0785528419 0.9964044207
1163 4.0684761158 1.0005367574
1164 4.0583884516 1.0046807525
1165 4.0482898651 1.0088361847
1166 4.0381803793 1.0130028333
1167 4.0280600237 1.0171804752
1168 4.0179288328 1.0213688870
1169 4.0077868459 1.0255678505
1170 3.9976341058 1.0297771495
1171 3.9874706597 1.0339965644
1172 3.9772965580 1.0382258765
1173 3.9671118532 1.0424648711
1174 3.9569165975 1.0467133324
1175 3.9467108431 1.0509710425
1176 3.9364946434 1.0552377816
1177 3.9262680522 1.0595133286
1178 3.9160311246 1.0637974623
1179 3.9057839156 1.0680899584
1180 3.8955264805 1.0723905867
1181 3.8852588764 1.0766991170
1182 3.8749811629 1.0810153202
1183 3.8646934021 1.0853389603
1184 3.8543956582 1.0896697951
1185 3.8440879984 1.0940075831
1186 3.8337704920 1.0983520793
1187 3.8234432100 1.1027030314
1188 3.8131062262 1.1070601851
1189 3.8027596167 1.1114232843
1190 3.7924034585 1.1157920689
1191 3.7820378283 1.1201662730
1192 3.7716628023 1.1245456273
1193 3.7612784574 1.1289298623
1194 3.7508848712 1.1333187065
1195 3.7404821200 1.1377118829
1196 3.7300702788 1.1421091119
1197 3.7196494229 1.1465101175
1198 3.7092196271 1.1509146203
1199 3.6987809664 1.1553223340
1200 3.6883335164 1.1597329739
1201 3.6778773540 1.1641462575
1202 3.6674125564 1.1685618999
1203 3.6569392022 1.1729796146
1204 3.6464573716 1.1773991144
1205 3.6359671471 1.1818201143
1206 3.6254686129 1.1862423322
1207 3.6149618530 1.1906654815
1208 3.6044469512 1.1950892718
1209 3.5939239933 1.1995134193
1210 3.5833930653 1.2039376416
1211 3.5728542499 1.2083616465
1212 3.5623076278 1.2127851398
1213 3.5517532783 1.2172078305
1214 3.5411912761 1.2216294198
1215 3.5306216916 1.2260496005
1216 3.5200445923 1.2304680644
1217 3.5094600412 1.2348845002
1218 3.4988680954 1.2392985876
1219 3.4882688069 1.2437099979
1220 3.4776622241 1.2481183972
1221 3.4670483924 1.2525234494
1222 3.4564273528 1.2569248114
1223 3.4457991415 1.2613221289
1224 3.4351637924 1.2657150460
1225 3.4245213385 1.2701032057
1226 3.4138718099 1.2744862402
1227 3.4032152337 1.2788637740
1228 3.3925516362 1.2832354327
1229 3.3818810425 1.2876008387
1230 3.3712034762 1.2919596078
1231 3.3605189596 1.2963113520
1232 3.3498275132 1.3006556813
1233 3.3391291561 1.3049922065
1234 3.3284239063 1.3093205361
1235 3.3177117784 1.3136402727
1236 3.3069927864 1.3179510232
1237 3.2962669435 1.3222524023
1238 3.2855342594 1.3265440172
1239 3.2747947399 1.3308254721
1240 3.2640483913 1.3350963850
1241 3.2532952182 1.3393563767
1242 3.2425352215 1.3436050615
1243 3.2317684008 1.3478420608
1244 3.2209947549 1.3520670072
1245 3.2102142805 1.3562795321
1246 3.1994269726 1.3604792667
1247 3.1886328257 1.3646658500
1248 3.1778318345 1.3688389309
1249 3.1670239924 1.3729981636
1250 3.1562092917 1.3771432002
1251 3.1453877253 1.3812737003
1252 3.1345592873 1.3853893384
1253 3.1237239711 1.3894897920
1254 3.1128817690 1.3935747387
1255 3.1020326751 1.3976438699
1256 3.0911766848 1.4016968874
1257 3.0803137915 1.4057334940
1258 3.0694439890 1.4097533982
1259 3.0585672713 1.4137563179
1260 3.0476836326 1.4177419795
1261 3.0367930664 1.4217101153
1262 3.0258955648 1.4256604587
1263 3.0149911195 1.4295927501
1264 3.0040797223 1.4335067434
1265 2.9931613633 1.4374021920
1266 2.9822360312 1.4412788493
1267 2.9713037173 1.4451364863
1268 2.9603644126 1.4489748811
1269 2.9494181053 1.4527938053
1270 2.9384647852 1.4565930440
1271 2.9275044458 1.4603724005
1272 2.9165370797 1.4641316796
1273 2.9055626795 1.4678706910
1274 2.8945812406 1.4715892604
1275 2.8835927619 1.4752872236
1276 2.8725972446 1.4789644208
1277 2.8615946922 1.4826206983
1278 2.8505851112 1.4862559152
1279 2.8395685126 1.4898699446
1280 2.8285449081 1.4934626643
1281 2.8175143100 1.4970339569
1282 2.8064767339 1.5005837236
1283 2.7954321984 1.5041118763
1284 2.7843807236 1.5076183244
1285 2.7733223331 1.5111029855
1286 2.7622570552 1.5145657888
1287 2.7511849206 1.5180066665
1288 2.7401059621 1.5214255560
1289 2.7290202138 1.5248224073
1290 2.7179277111 1.5281971841
1291 2.7068284916 1.5315498606
1292 2.6957225948 1.5348804129
1293 2.6846100623 1.5381888251
1294 2.6734909413 1.5414750998
1295 2.6623652827 1.5447392431
1296 2.6512331391 1.5479812584
1297 2.6400945679 1.5512011686
1298 2.6289496296 1.5543990141
1299 2.6177983855 1.5575748311
1300 2.6066409027 1.5607286635
1301 2.5954772553 1.5638605754
1302 2.5843075195 1.5669706364
1303 2.5731317734 1.5700589198
1304 2.5619501003 1.5731255146
1305 2.5507625876 1.5761705262
1306 2.5395693266 1.5791940694
1307 2.5283704135 1.5821962640
1308 2.5171659536 1.5851772373
1309 2.5059560613 1.5881371295
1310 2.4947408567 1.5910760884
1311 2.4835204646 1.5939942675
1312 2.4722950187 1.5968918373
1313 2.4610646592 1.5997689828
1314 2.4498295300 1.6026258920
1315 2.4385897835 1.6054627619
1316 2.4273455822 1.6082798011
1317 2.4160970949 1.6110772234
1318 2.4048444932 1.6138552506
1319 2.3935879535 1.6166141151
1320 2.3823276602 1.6193540538
1321 2.3710638069 1.6220753031
1322 2.3597965940 1.6247780960
1323 2.3485262295 1.6274626646
1324 2.3372529323 1.6301292444
1325 2.3259769272 1.6327780648
1326 2.3146984412 1.6354093486
1327 2.3034177086 1.6380233283
1328 2.2921349732 1.6406202334
1329 2.2808504862 1.6432002731
1330 2.2695645067 1.6457636549
1331 2.2582773000 1.6483105935
1332 2.2469891367 1.6508412933
1333 2.2357002940 1.6533559499
1334 2.2244110574 1.6558547595
1335 2.2131217237 1.6583379091
1336 2.2018326027 1.6608055680
1337 2.1905440167 1.6632578924
1338 2.1792562962 1.6656950353
1339 2.1679697796 1.6681171471
1340 2.1566848162 1.6705243628
1341 2.1454017690 1.6729168000
1342 2.1341210131 1.6752945723
1343 2.1228429334 1.6776577835
1344 2.1115679255 1.6800065195
1345 2.1002963955 1.6823408616
1346 2.0890287549 1.6846608910
1347 2.0777654222 1.6869666783
1348 2.0665068308 1.6892582779
1349 2.0552534333 1.6915357299
1350 2.0440056942 1.6937990637
1351 2.0327640857 1.6960483030
1352 2.0215290919 1.6982834600
1353 2.0103012162 1.7005045347
1354 1.9990809798 1.7027115173
1355 1.9878689215 1.7049043795
1356 1.9766656010 1.7070830784
1357 1.9654715975 1.7092475681
1358 1.9542875022 1.7113977949
1359 1.9431139182 1.7135336941
1360 1.9319514714 1.7156551958
1361 1.9208008122 1.7177622155
1362 1.9096626079 1.7198546543
1363 1.8985375409 1.7219324152
1364 1.8874263134 1.7239954023
1365 1.8763296462 1.7260435118
1366 1.8652482769 1.7280766337
1367 1.8541829660 1.7300946470
1368 1.8431345024 1.7320974094
1369 1.8321036986 1.7340847602
1370 1.8210913812 1.7360565337
1371 1.8100983926 1.7380125673
1372 1.7991256054 1.7399526942
1373 1.7881739275 1.7418767341
1374 1.7772442919 1.7437845058
1375 1.7663376494 1.7456758308
1376 1.7554549704 1.7475505130
1377 1.7445972430 1.7494083316
1378 1.7337654727 1.7512490522
1379 1.7229606872 1.7530724326
1380 1.7121839448 1.7548782303
1381 1.7014363352 1.7566662219
1382 1.6907189686 1.7584362185
1383 1.6800329724 1.7601880536
1384 1.6693795007 1.7619215462
1385 1.6587597354 1.7636364747
1386 1.6481748768 1.7653325810
1387 1.6376261422 1.7670095799
1388 1.6271147731 1.7686671807
1389 1.6166420402 1.7703051271
1390 1.6062092487 1.7719232164
1391 1.5958177436 1.7735212793
1392 1.5854689088 1.7750991522
1393 1.5751641490 1.7766566575
1394 1.5649048670 1.7781935829
1395 1.5546924703 1.7797096722
1396 1.5445283953 1.7812046383
1397 1.5344141094 1.7826782023
1398 1.5243511019 1.7841301346
1399 1.5143408864 1.7855602661
1400 1.5043850034 1.7869684691
1401 1.4944850118 1.7883546284
1402 1.4846424810 1.7897186157
1403 1.4748589976 1.7910602741
1404 1.4651361740 1.7923794224
1405 1.4554756383 1.7936758814
1406 1.4458790227 1.7949494972
1407 1.4363479801 1.7962001358
1408 1.4268842013 1.7974276645
1409 1.4174894042 1.7986319510
1410 1.4081653211 1.7998128809
1411 1.3989136986 1.8009703675
1412 1.3897363026 1.8021043512
1413 1.3806349197 1.8032147940
1414 1.3716113541 1.8043016682
1415 1.3626674267 1.8053649364
1416 1.3538049665 1.8064045451
1417 1.3450257919 1.8074204431
1418 1.3363317162 1.8084125976
1419 1.3277245748 1.8093809945
1420 1.3192062252 1.8103256448
1421 1.3107785246 1.8112465984
1422 1.3024433220 1.8121439390
1423 1.2942024659 1.8130177625
1424 1.2860578096 1.8138681687
1425 1.2780112064 1.8146952721
1426 1.2700645094 1.8154992008
1427 1.2622195784 1.8162800848
1428 1.2544782674 1.8170380595
1429 1.2468424068 1.8177732710
1430 1.2393138218 1.8184858628
1431 1.2318943558 1.8191759720
1432 1.2245858568 1.8198437527
1433 1.2173901520 1.8204893977
1434 1.2103090492 1.8211131323
1435 1.2033443555 1.8217151904
1436 1.1964978788 1.8222958035
1437 1.1897714101 1.8228552090
1438 1.1831667173 1.8233936547
1439 1.1766855487 1.8239113998
1440 1.1703296247 1.8244087171
1441 1.1641006389 1.8248858843
1442 1.1580002736 1.8253431705
1443 1.1520301928 1.8257808450
1444 1.1461920194 1.8261991969
1445 1.1404873351 1.8265985411
1446 1.1349177016 1.8269792068
1447 1.1294846684 1.8273415263
1448 1.1241897541 1.8276858374
1449 1.1190344333 1.8280124858
1450 1.1140201485 1.8283218177
1451 1.1091483104 1.8286141788
1452 1.1044202902 1.8288899171
1453 1.0998374325 1.8291493711
1454 1.0954010590 1.8293928630
1455 1.0911124430 1.8296207119
1456 1.0869727983 1.8298332434
1457 1.0829833038 1.8300307809
1458 1.0791451246 1.8302136340
1459 1.0754593902 1.8303821079
1460 1.0719271620 1.8305365185
1461 1.0685494450 1.8306771818
1462 1.0653272144 1.8308043974
1463 1.0622614055 1.8309184545
1464 1.0593528988 1.8310196392
1465 1.0566025222 1.8311082275
1466 1.0540110489 1.8311844833
1467 1.0515791914 1.8312486606
1468 1.0493076122 1.8313010001
1469 1.0471969350 1.8313417248
1470 1.0452477352 1.8313710471
1471 1.0434605177 1.8313891803
1472 1.0418357227 1.8313963331
1473 1.0403737542 1.8313926925
1474 1.0390749773 1.8313784284
1475 1.0379396948 1.8313537069
1476 1.0369681504 1.8313186866
1477 1.0361605365 1.8312735099
1478 1.0355169927 1.8312183007
1479 1.0350376090 1.8311531608
1480 1.0347224317 1.8310781693
1481 1.0345714536 1.8309933904
1482 1.0345845964 1.8308988829
1483 1.0347617194 1.8307946928
1484 1.0351026513 1.8306808355
1485 1.0356071850 1.8305573019
1486 1.0362750407 1.8304240839
1487 1.0371058701 1.8302811746
1488 1.0380992888 1.8301285498
1489 1.0392548754 1.8299661664
1490 1.0405721476 1.8297939723
1491 1.0420505586 1.8296119103
1492 1.0436895098 1.8294199151
1493 1.0454883560 1.8292179097
1494 1.0474464035 1.8290058035
1495 1.0495629209 1.8287834849
1496 1.0518371404 1.8285508174
1497 1.0542682342 1.8283076553
1498 1.0568553140 1.8280538516
1499 1.0595974574 1.8277892452
1500 1.0624937088 1.8275136602
1501 1.0655430568 1.8272269174
1502 1.0687444364 1.8269288358
1503 1.0720967521 1.8266192237
1504 1.0755988914 1.8262978771
1505 1.0792497151 1.8259645880
1506 1.0830480465 1.8256191495
1507 1.0869926683 1.8252613543
1508 1.0910823147 1.8248909975
1509 1.0953156784 1.8245078779
1510 1.0996914334 1.8241117885
1511 1.1042082293 1.8237025190
1512 1.1088646693 1.8232798645
1513 1.1136593227 1.8228436166
1514 1.1185907524 1.8223935460
1515 1.1236575075 1.8219294107
1516 1.1288580960 1.8214509786
1517 1.1341909839 1.8209580307
1518 1.1396546202 1.8204503426
1519 1.1452474404 1.8199276806
1520 1.1509678511 1.8193898157
1521 1.1568142350 1.8188365282
1522 1.1627849591 1.8182676081
1523 1.1688783672 1.8176828606
1524 1.1750927876 1.8170821008
1525 1.1814265522 1.8164651387
1526 1.1878779906 1.8158317835
1527 1.1944454139 1.8151818630
1528 1.2011271182 1.8145152262
1529 1.2079214033 1.8138317251
1530 1.2148265699 1.8131312121
1531 1.2218408963 1.8124135541
1532 1.2289626415 1.8116786313
1533 1.2361900689 1.8109263256
1534 1.2435214486 1.8101565237
1535 1.2509550501 1.8093691160
1536 1.2584891417 1.8085639908
1537 1.2661219870 1.8077410367
1538 1.2738518479 1.8069001474
1539 1.2816769987 1.8060412184
1540 1.2895957301 1.8051641451
1541 1.2976063327 1.8042688310
1542 1.3057070839 1.8033551959
1543 1.3138962637 1.8024231670
1544 1.3221721720 1.8014726739
1545 1.3305331159 1.8005036675
1546 1.3389773975 1.7995161299
1547 1.3475033311 1.7985100528
1548 1.3561092539 1.7974854263
1549 1.3647935165 1.7964422530
1550 1.3735544813 1.7953805553
1551 1.3823905278 1.7943003728
1552 1.3913000522 1.7932017577
1553 1.4002814625 1.7920847667
1554 1.4093331840 1.7909494527
1555 1.4184536634 1.7897958677
1556 1.4276413547 1.7886240808
1557 1.4368947126 1.7874341808
1558 1.4462122124 1.7862262467
1559 1.4555923569 1.7850003364
1560 1.4650336601 1.7837565072
1561 1.4745346445 1.7824948252
1562 1.4840938557 1.7812153584
1563 1.4937098688 1.7799181716
1564 1.5033812789 1.7786033241
1565 1.5131066955 1.7772708715
1566 1.5228847497 1.7759208783
1567 1.5327140972 1.7745534278
1568 1.5425934158 1.7731686195
1569 1.5525214060 1.7717665618
1570 1.5624967845 1.7703473748
1571 1.5725182781 1.7689111969
1572 1.5825846379 1.7674581849
1573 1.5926946501 1.7659885108
1574 1.6028471215 1.7645023611
1575 1.6130408680 1.7629999309
1576 1.6232747250 1.7614814107
1577 1.6335475588 1.7599469860
1578 1.6438582618 1.7583968482
1579 1.6542057422 1.7568311915
1580 1.6645889251 1.7552501946
1581 1.6750067540 1.7536540152
1582 1.6854581867 1.7520427982
1583 1.6959421993 1.7504166814
1584 1.7064577906 1.7487757973
1585 1.7170039711 1.7471202688
1586 1.7275797600 1.7454501967
1587 1.7381841982 1.7437656584
1588 1.7488163512 1.7420667233
1589 1.7594753001 1.7403534687
1590 1.7701601421 1.7386259744
1591 1.7808700015 1.7368843042
1592 1.7916040309 1.7351285066
1593 1.8023614004 1.7333586413
1594 1.8131412990 1.7315747917
1595 1.8239429433 1.7297770538
1596 1.8347655736 1.7279655194
1597 1.8456084449 1.7261402704
1598 1.8564708297 1.7243013962
1599 1.8673520194 1.7224490109
1600 1.8782513239 1.7205832453
1601 1.8891680725 1.7187042312
1602 1.9001016122 1.7168120931
1603 1.9110513001 1.7149069454
1604 1.9220165041 1.7129889032
1605 1.9329966109 1.7110580802
1606 1.9439910238 1.7091145626
1607 1.9549991503 1.7071584014
1608 1.9660204042 1.7051896255
1609 1.9770542172 1.7032082510
1610 1.9881000380 1.7012142890
1611 1.9991573248 1.6992077454
1612 2.0102255428 1.6971886043
1613 2.0213041647 1.6951568222
1614 2.0323926729 1.6931123435
1615 2.0434905620 1.6910551159
1616 2.0545973414 1.6889850920
1617 2.0657125298 1.6869022199
1618 2.0768356532 1.6848064434
1619 2.0879662546 1.6826977187
1620 2.0991039023 1.6805760254
1621 2.1102481801 1.6784413650
1622 2.1213986814 1.6762937528
1623 2.1325550161 1.6741332050
1624 2.1437168142 1.6719597409
1625 2.1548837235 1.6697734089
1626 2.1660554064 1.6675742898
1627 2.1772315372 1.6653624636
1628 2.1884117995 1.6631379879
1629 2.1995958846 1.6609009119
1630 2.2107834936 1.6586512963
1631 2.2219743386 1.6563892082
1632 2.2331681377 1.6541147017
1633 2.2443646116 1.6518278059
1634 2.2555634855 1.6495285267
1635 2.2667644881 1.6472168571
1636 2.2779673508 1.6448927814
1637 2.2891718099 1.6425562568
1638 2.3003776007 1.6402071910
1639 2.3115844571 1.6378454608
1640 2.3227921169 1.6354709441
1641 2.3340003248 1.6330835108
1642 2.3452088291 1.6306830047
1643 2.3564173779 1.6282692484
1644 2.3676257200 1.6258420531
1645 2.3788336110 1.6234012371
1646 2.3900408178 1.6209466493
1647 2.4012471147 1.6184781572
1648 2.4124522789 1.6159956233
1649 2.4236560907 1.6134989162
1650 2.4348583378 1.6109879369
1651 2.4460588200 1.6084626216
1652 2.4572573465 1.6059229266
1653 2.4684537294 1.6033688164
1654 2.4796477856 1.6008002719
1655 2.4908393431 1.5982173004
1656 2.5020282414 1.5956199329
1657 2.5132143248 1.5930082149
1658 2.5243974389 1.5903821894
1659 2.5355774337 1.5877418889
1660 2.5467541677 1.5850873592
1661 2.5579275048 1.5824186688
1662 2.5690973079 1.5797358710
1663 2.5802634357 1.5770389817
1664 2.5914257447 1.5743279933
1665 2.6025840923 1.5716028915
1666 2.6137383363 1.5688636581
1667 2.6248883315 1.5661102564
1668 2.6360339261 1.5633426130
1669 2.6471749645 1.5605606216
1670 2.6583112916 1.5577641690
1671 2.6694427542 1.5549531508
1672 2.6805691978 1.5521274542
1673 2.6916904663 1.5492869412
1674 2.7028064043 1.5464314720
1675 2.7139168613 1.5435609314
1676 2.7250216909 1.5406752200
1677 2.7361207491 1.5377742430
1678 2.7472138943 1.5348579139
1679 2.7583009876 1.5319261641
1680 2.7693818987 1.5289789643
1681 2.7804565067 1.5260163316
1682 2.7915246930 1.5230382979
1683 2.8025863399 1.5200448984
1684 2.8136413360 1.5170362039
1685 2.8246895798 1.5140123383
1686 2.8357309766 1.5109734594
1687 2.8467654352 1.5079197370
1688 2.8577928640 1.5048513452
1689 2.8688131728 1.5017684740
1690 2.8798262780 1.4986713401
1691 2.8908320996 1.4955601738
1692 2.9018305544 1.4924351950
1693 2.9128215535 1.4892966042
1694 2.9238050064 1.4861445913
1695 2.9347808233 1.4829793475
1696 2.9457489106 1.4798010486
1697 2.9567091666 1.4766098331
1698 2.9676614845 1.4734058124
1699 2.9786057555 1.4701890883
1700 2.9895418667 1.4669597477
1701 3.0004696986 1.4637178518
1702 3.0113891232 1.4604634294
1703 3.0223000054 1.4571964841
1704 3.0332022092 1.4539170212
1705 3.0440955991 1.4506250556
1706 3.0549800360 1.4473205879
1707 3.0658553763 1.4440035976
1708 3.0767214777 1.4406740686
1709 3.0875782030 1.4373320135
1710 3.0984254168 1.4339774678
1711 3.1092629819 1.4306104717
1712 3.1200907596 1.4272310709
1713 3.1309086141 1.4238393368
1714 3.1417164184 1.4204353834
1715 3.1525140552 1.4170193685
1716 3.1633014143 1.4135914739
1717 3.1740783898 1.4101518982
1718 3.1848448846 1.4067008825
1719 3.1956008093 1.4032387171
1720 3.2063460749 1.3997657124
1721 3.2170805905 1.3962821896
1722 3.2278042669 1.3927884949
1723 3.2385170185 1.3892850024
1724 3.2492187636 1.3857721091
1725 3.2599094224 1.3822502179
1726 3.2705889119 1.3787197201
1727 3.2812571466 1.3751810082
1728 3.2919140414 1.3716344895
1729 3.3025595079 1.3680805665
1730 3.3131934490 1.3645196135
1731 3.3238157586 1.3609519764
1732 3.3344263257 1.3573779899
1733 3.3450250362 1.3537979863
1734 3.3556117680 1.3502122770
1735 3.3661863882 1.3466211376
1736 3.3767487559 1.3430248167
1737 3.3872987268 1.3394235524
1738 3.3978361560 1.3358175788
1739 3.4083608976 1.3322071176
1740 3.4188728009 1.3285923646
1741 3.4293717108 1.3249735031
1742 3.4398574719 1.3213507261
1743 3.4503299258 1.3177242297
1744 3.4607889092 1.3140942007
1745 3.4712342572 1.3104608285
1746 3.4816658090 1.3068243203
1747 3.4920834080 1.3031849058
1748 3.5024869003 1.2995428326
1749 3.5128761343 1.2958983597
1750 3.5232509622 1.2922517655
1751 3.5336112444 1.2886033660
1752 3.5439568496 1.2849535150
1753 3.5542876511 1.2813025853
1754 3.5646035247 1.2776509619
1755 3.5749043506 1.2739990605
1756 3.5851900144 1.2703473400
1757 3.5954604013 1.2666962827
1758 3.6057153950 1.2630463783
1759 3.6159548803 1.2593981312
1760 3.6261787471 1.2557520675
1761 3.6363868897 1.2521087377
1762 3.6465792052 1.2484687068
1763 3.6567555887 1.2448325331
1764 3.6669159346 1.2412007702
1765 3.6770601416 1.2375739867
1766 3.6871881107 1.2339527570
1767 3.6972997414 1.2303376400
1768 3.7073949305 1.2267291798
1769 3.7174735724 1.2231279149
1770 3.7275355585 1.2195343778
1771 3.7375807761 1.2159490873
1772 3.7476091091 1.2123725408
1773 3.7576204400 1.2088052198
1774 3.7676146537 1.2052476010
1775 3.7775916368 1.2017001522
1776 3.7875512757 1.1981633234
1777 3.7974934555 1.1946375458
1778 3.8074180648 1.1911232454
1779 3.8173249974 1.1876208544
1780 3.8272141512 1.1841307987
1781 3.8370854247 1.1806534886
1782 3.8469387176 1.1771893345
1783 3.8567739316 1.1737387621
1784 3.8665909704 1.1703022082
1785 3.8763897398 1.1668801138
1786 3.8861701488 1.1634729222
1787 3.8959321111 1.1600810906
1788 3.9056755475 1.1567051034
1789 3.9154003855 1.1533454669
1790 3.9251065570 1.1500026957
1791 3.9347940014 1.1466773208
1792 3.9444626695 1.1433699050
1793 3.9541125230 1.1400810406
1794 3.9637435316 1.1368113362
1795 3.9733556700 1.1335614121
1796 3.9829489182 1.1303319069
1797 3.9925232614 1.1271234805
1798 4.0020786908 1.1239368083
1799 4.0116152031 1.1207725779
1800 4.0211328010 1.1176314894
1801 4.0306314933 1.1145142625
1802 4.0401112941 1.1114216350
1803 4.0495722219 1.1083543440
1804 4.0590142993 1.1053131171
1805 4.0684375568 1.1022986819
1806 4.0778420321 1.0993117662
1807 4.0872277686 1.0963530894
1808 4.0965948133 1.0934233642
1809 4.1059432179 1.0905233040
1810 4.1152730403 1.0876536248
1811 4.1245843440 1.0848150402
1812 4.1338771922 1.0820082455
1813 4.1431516458 1.0792339074
1814 4.1524077630 1.0764926731
1815 4.1616456016 1.0737851793
1816 4.1708652196 1.0711120511
1817 4.1800666771 1.0684739018
1818 4.1892500373 1.0658713409
1819 4.1984153684 1.0633049777
1820 4.2075627418 1.0607754115
1821 4.2166922290 1.0582832180
1822 4.2258039030 1.0558289503
1823 4.2348978414 1.0534131463
1824 4.2439741286 1.0510363340
1825 4.2530328536 1.0486990386
1826 4.2620741092 1.0464017829
1827 4.2710979911 1.0441450883
1828 4.2801045994 1.0419294764
1829 4.2890940385 1.0397554634
1830 4.2980664149 1.0376235536
1831 4.3070218376 1.0355342479
1832 4.3159604189 1.0334880511
1833 4.3248822752 1.0314854693
1834 4.3337875277 1.0295270057
1835 4.3426763033 1.0276131605
1836 4.3515487363 1.0257444331
1837 4.3604049671 1.0239213230
1838 4.3692451425 1.0221443299
1839 4.3780694143 1.0204139534
1840 4.3868779413 1.0187306945
1841 4.3956708894 1.0170950549
1842 4.4044484294 1.0155075327
1843 4.4132107327 1.0139686126
1844 4.4219579699 1.0124787655
1845 4.4306903129 1.0110384555
1846 4.4394079345 1.0096481426
1847 4.4481110079 1.0083082791
1848 4.4567997069 1.0070193058
1849 4.4654742046 1.0057816515
1850 4.4741346725 1.0045957330
1851 4.4827812816 1.0034619526
1852 4.4914142045 1.0023806937
1853 4.5000336156 1.0013523214
1854 4.5086396915 1.0003771834
1855 4.5172326093 0.9994556073
1856 4.5258125468 0.9985878979
1857 4.5343796830 0.9977743377
1858 4.5429341998 0.9970151869
1859 4.5514762814 0.9963106857
1860 4.5600061123 0.9956610564
1861 4.5685238764 0.9950665018
1862 4.5770297575 0.9945272044
1863 4.5855239392 0.9940433268
1864 4.5940066043 0.9936150110
1865 4.6024779355 0.9932423794
1866 4.6109381154 0.9929255371
1867 4.6193873257 0.9926645742
1868 4.6278257481 0.9924595620
1869 4.6362535643 0.9923105508
1870 4.6446709585 0.9922175742
1871 4.6530781175 0.9921806546
1872 4.6614752301 0.9921998007
1873 4.6698624860 0.9922750084
1874 4.6782400765 0.9924062604
1875 4.6866081953 0.9925935248
1876 4.6949670371 0.9928367563
1877 4.7033167963 0.9931358970
1878 4.7116576658 0.9934908774
1879 4.7199898384 0.9939016222
1880 4.7283135060 0.9943680529
1881 4.7366288590 0.9948900824
1882 4.7449360854 0.9954676103
1883 4.7532353714 0.9961005313
1884 4.7615269021 0.9967887446
1885 4.7698108617 0.9975321501
1886 4.7780874351 0.9983306421
1887 4.7863568080 0.9991841113
1888 4.7946191659 1.0000924473
1889 4.8028746943 1.0010555338
1890 4.8111235799 1.0020732477
1891 4.8193660107 1.0031454615
1892 4.8276021778 1.0042720440
1893 4.8358322749 1.0054528608
1894 4.8440564962 1.0066877687
1895 4.8522750345 1.0079766136
1896 4.8604880841 1.0093192380
1897 4.8686958403 1.0107154856
1898 4.8768984985 1.0121651977
1899 4.8850962540 1.0136682089
1900 4.8932893008 1.0152243468
1901 4.9014778309 1.0168334335
1902 4.9096620344 1.0184952825
1903 4.9178421012 1.0202096949
1904 4.9260182194 1.0219764650
1905 4.9341905743 1.0237953870
1906 4.9423593478 1.0256662496
1907 4.9505247186 1.0275888284
1908 4.9586868637 1.0295628851
1909 4.9668459594 1.0315881700
1910 4.9750021824 1.0336644222
1911 4.9831557082 1.0357913645
1912 4.9913067105 1.0379687032
1913 4.9994553613 1.0401961367
1914 5.0076018292 1.0424733626
1915 5.0157462783 1.0448000802
1916 5.0238888678 1.0471759887
1917 5.0320297535 1.0496007832
1918 5.0401690892 1.0520741487
1919 5.0483070287 1.0545957513
1920 5.0564437248 1.0571652336
1921 5.0645793277 1.0597822270
1922 5.0727139838 1.0624463682
1923 5.0808478348 1.0651573060
1924 5.0889810161 1.0679147021
1925 5.0971136570 1.0707182323
1926 5.1052458833 1.0735675802
1927 5.1133778218 1.0764624218
1928 5.1215096025 1.0794024162
1929 5.1296413594 1.0823872053
1930 5.1377732290 1.0854164202
1931 5.1459053479 1.0884896916
1932 5.1540378488 1.0916066634
1933 5.1621708595 1.0947669986
1934 5.1703045053 1.0979703768
1935 5.1784389104 1.1012164871
1936 5.1865741990 1.1045050155
1937 5.1947104946 1.1078356324
1938 5.2028479211 1.1112079977
1939 5.2109866023 1.1146217715
1940 5.2191266608 1.1180766148
1941 5.2272682159 1.1215721890
1942 5.2354113832 1.1251081594
1943 5.2435562749 1.1286841946
1944 5.2517030018 1.1322999626
1945 5.2598516720 1.1359551305
1946 5.2680023903 1.1396493692
1947 5.2761552582 1.1433823578
1948 5.2843103744 1.1471537819
1949 5.2924678345 1.1509633275
1950 5.3006277320 1.1548106752
1951 5.3087901604 1.1586954968
1952 5.3169552146 1.1626174542
1953 5.3251229906 1.1665762009
1954 5.3332935830 1.1705713836
1955 5.3414670834 1.1746026473
1956 5.3496435808 1.1786696437
1957 5.3578231619 1.1827720311
1958 5.3660059116 1.1869094723
1959 5.3741919134 1.1910816310
1960 5.3823812493 1.1952881695
1961 5.3905740012 1.1995287470
1962 5.3987702503 1.2038030215
1963 5.4069700765 1.2081106544
1964 5.4151735589 1.2124513097
1965 5.4233807780 1.2168246490
1966 5.4315918164 1.2212303239
1967 5.4398067578 1.2256679731
1968 5.4480256880 1.2301372258
1969 5.4562486945 1.2346377089
1970 5.4644758646 1.2391690531
1971 5.4727072833 1.2437308963
1972 5.4809430340 1.2483228813
1973 5.4891831992 1.2529446524
1974 5.4974278611 1.2575958529
1975 5.5056771024 1.2622761208
1976 5.5139310058 1.2669850892
1977 5.5221896535 1.2717223908
1978 5.5304531266 1.2764876601
1979 5.5387215048 1.2812805264
1980 5.5469948672 1.2861006072
1981 5.5552732952 1.2909475077
1982 5.5635568726 1.2958208218
1983 5.5718456820 1.3007201377
1984 5.5801397999 1.3056450518
1985 5.5884392970 1.3105951753
1986 5.5967442396 1.3155701309
1987 5.6050546909 1.3205695487
1988 5.6133707108 1.3255930601
1989 5.6216923583 1.3306402880
1990 5.6300196913 1.3357108489
1991 5.6383527653 1.3408043625
1992 5.6466916338 1.3459204510
1993 5.6550363515 1.3510587244
1994 5.6633869774 1.3562187694
1995 5.6717435753 1.3614001482
1996 5.6801062132 1.3666024026
1997 5.6884749608 1.3718250664
1998 5.6968498861 1.3770676817
1999 5.7052310543 1.3823298045
