100 -8586.000000
200 -9270.000000
300 -9058.000000
400 -9228.000000
500 -8812.000000
600 -8752.000000
700 -8856.000000
800 -9022.000000
900 -8884.000000
1000 -9088.000000
1100 -8988.000000
1200 -9132.000000
1300 -9120.000000
1400 -8858.000000
1500 -9054.000000
1600 -8818.000000
1700 -9232.000000
1800 -9020.000000
1900 -9118.000000
2000 -8844.000000
2100 -9428.000000
2200 -8990.000000
2300 -9062.000000
2400 -8938.000000
2500 -9330.000000
2600 -9222.000000
2700 -9200.000000
2800 -9288.000000
2900 -9486.000000
3000 -9440.000000
3100 -9138.000000
3200 -9222.000000
3300 -9310.000000
3400 -9234.000000
3500 -8886.000000
3600 -8826.000000
3700 -9264.000000
3800 -9256.000000
3900 -9190.000000
4000 -8894.000000
4100 -8788.000000
4200 -9018.000000
4300 -9038.000000
4400 -8770.000000
4500 -8628.000000
4600 -8932.000000
4700 -8822.000000
4800 -9186.000000
4900 -9314.000000
5000 -9104.000000
5100 -9112.000000
5200 -8652.000000
5300 -8942.000000
5400 -9302.000000
5500 -9000.000000
5600 -9022.000000
5700 -8850.000000
5800 -8988.000000
5900 -8914.000000
6000 -9372.000000
6100 -9156.000000
6200 -9034.000000
6300 -8564.000000
6400 -9094.000000
6500 -8770.000000
6600 -8942.000000
6700 -9472.000000
6800 -8876.000000
6900 -9440.000000
7000 -9202.000000
7100 -9268.000000
7200 -9182.000000
7300 -8780.000000
7400 -9018.000000
7500 -9260.000000
7600 -9094.000000
7700 -8772.000000
7800 -9278.000000
7900 -9198.000000
8000 -8644.000000
8100 -9012.000000
8200 -9260.000000
8300 -8962.000000
8400 -9166.000000
8500 -9364.000000
8600 -8710.000000
8700 -9064.000000
8800 -9048.000000
8900 -9030.000000
9000 -8648.000000
9100 -8812.000000
9200 -8868.000000
9300 -8854.000000
9400 -9192.000000
9500 -9170.000000
9600 -9266.000000
9700 -9244.000000
9800 -8878.000000
9900 -8888.000000
10000 -9006.000000
